/*--------------------------------*- C++ -*----------------------------------*\
| =========                 |                                                 |
| \\      /  F ield         | OpenFOAM: The Open Source CFD Toolbox           |
|  \\    /   O peration     | Version:  2212                                  |
|   \\  /    A nd           | Website:  www.openfoam.com                      |
|    \\/     M anipulation  |                                                 |
\*---------------------------------------------------------------------------*/
FoamFile
{
    version     2.0;
    format      ascii;
    arch        "LSB;label=32;scalar=64";
    class       volScalarField;
    location    "5000";
    object      Gamma_w;
}
// * * * * * * * * * * * * * * * * * * * * * * * * * * * * * * * * * * * * * //

dimensions      [0 0 0 0 0 0 0];

internalField   nonuniform List<scalar> 
10368
(
6.24997
6.24997
6.24997
6.24997
6.24997
6.24997
6.24997
6.24998
6.24998
6.24998
6.24998
6.24998
6.24999
6.24999
6.25
6.25
6.25
6.25
6.25
6.25
6.24999
6.24996
6.24993
6.2499
6.2499
6.24989
6.24989
6.24989
6.2499
6.2499
6.24991
6.24991
6.24992
6.24992
6.24992
6.24992
6.24993
6.24993
6.24993
6.24993
6.24994
6.24994
6.24994
6.24994
6.24995
6.24995
6.24995
6.24996
6.24996
6.24996
6.24997
6.24997
6.24998
6.24998
6.24999
6.24999
6.25
6.25
6.25
6.25
6.25
6.25
6.25
6.25
6.25
6.25
6.25
6.25
6.25
6.25
6.25
6.25
6.25
6.25
6.25
6.25
6.25
6.25
6.25
6.25
6.25
6.25
6.25
6.25
6.25
6.25
6.25
6.25
6.25
6.25
6.25
6.25
6.25
6.25
6.25
6.25
6.25
6.25
6.25
6.25
6.25
6.25
6.25
6.25
6.25
6.25
6.25
6.25
6.25
6.25
6.25
6.25
6.25
6.25
6.25
6.25
6.25
6.25
6.25
6.25
6.25
6.25
6.25
6.25
6.25
6.25
6.25
6.25
6.25
6.25
6.25
6.25
6.25
6.25
6.25
6.25
6.25
6.25
6.25
6.25
6.24999
6.24999
6.24999
6.24999
6.24999
6.24999
6.24999
6.24999
6.24999
6.24999
6.24999
6.24999
6.24999
6.24999
6.24999
6.24999
6.24999
6.24999
6.24999
6.25
6.25
6.25
6.25
6.25
6.25
6.25
6.25
6.25
6.25
6.25
6.25
6.24999
6.24999
6.24999
6.24999
6.24998
6.24998
6.24998
6.24998
6.24998
6.24998
6.24998
6.24998
6.24998
6.24998
6.24998
6.24998
6.24998
6.24998
6.24998
6.24998
6.24998
3.99804
3.99419
3.96405
3.89394
3.7831
3.64559
3.50133
3.36793
3.2567
3.17294
3.1174
3.08858
3.08331
3.0984
3.13013
3.16611
2.86137
2.69718
2.67011
2.70314
2.77378
2.75961
2.74663
2.84966
2.95648
3.02782
3.10694
3.19365
3.27077
3.34562
3.43302
3.48115
3.52284
3.56067
3.59515
3.6265
3.65468
3.66359
3.67733
3.69917
3.71927
3.73754
3.75443
3.77
3.78485
3.79867
3.81221
3.82439
3.83648
3.84847
3.86043
3.87212
3.88252
3.89158
3.90142
3.91212
3.91472
3.90389
3.86211
3.76762
3.62795
3.45508
3.31074
3.19723
3.11258
3.0581
3.03309
3.02672
3.02893
3.05228
3.0915
3.12065
3.13947
3.16356
3.19878
3.24518
3.29748
3.34616
3.39197
3.43527
3.48262
3.53198
3.5813
3.62875
3.67456
3.71861
3.76002
3.79936
3.83512
3.86885
3.89828
3.92403
3.94577
3.96355
3.97773
3.98919
3.99776
4.00361
4.007
4.00829
4.00787
4.00588
4.00249
3.99799
3.99271
3.98687
3.98054
3.97376
3.96634
3.9585
3.9503
3.94187
3.93343
3.92483
3.91598
3.90659
3.89618
3.88489
3.87292
3.86044
3.84623
3.82991
3.81096
3.79017
3.76642
3.74051
3.71174
3.68196
3.65089
3.62004
3.59018
3.56619
3.55085
3.53879
3.52474
3.51113
3.50179
3.48938
3.45685
3.42304
3.40488
3.38605
3.36657
3.34652
3.32598
3.30501
3.2837
3.26212
3.24035
3.21849
3.19664
3.1749
3.13929
3.0204
2.90354
2.83351
2.8344
2.93323
3.06509
3.05708
3.04253
3.02953
3.01828
3.00899
3.0019
2.99725
2.99529
2.9963
3.00057
3.00845
3.02029
3.03648
3.05744
3.08359
3.11537
3.15314
3.19722
3.24782
3.30499
3.36852
3.43792
3.51222
3.58995
3.66891
3.74634
3.81867
3.88225
3.93348
3.97
3.99142
4.00047
4.0023
4.13991
4.15563
4.12548
4.05415
3.93981
3.79792
3.6488
3.51156
3.39769
3.31361
3.25926
3.2345
3.23413
3.25652
3.2954
3.3431
3.17964
3.10344
3.34072
3.59483
3.76984
3.78686
3.72443
3.67954
3.66172
3.6548
3.65373
3.66309
3.68052
3.70276
3.73573
3.75067
3.76449
3.77541
3.78659
3.7961
3.80648
3.8062
3.81084
3.81994
3.83078
3.84097
3.85254
3.86348
3.8763
3.88834
3.90288
3.91592
3.93204
3.94891
3.96718
3.98585
4.00423
4.02278
4.04424
4.06602
4.07553
4.06616
4.01923
3.91621
3.75882
3.5656
3.40902
3.28737
3.19699
3.13865
3.11159
3.10529
3.10938
3.13707
3.18195
3.21606
3.23831
3.2663
3.3065
3.35953
3.4189
3.4742
3.52638
3.57555
3.62919
3.68466
3.74042
3.79417
3.84617
3.89635
3.94342
3.98827
4.02917
4.06773
4.10157
4.13123
4.15649
4.1772
4.19389
4.20757
4.21799
4.22535
4.22991
4.23209
4.23236
4.23085
4.22775
4.22339
4.21809
4.21214
4.20562
4.19856
4.19078
4.18255
4.17388
4.16494
4.15596
4.1468
4.13734
4.12734
4.11623
4.10417
4.09136
4.07802
4.06285
4.04539
4.02512
4.00283
3.97735
3.94951
3.91852
3.88637
3.8528
3.81936
3.78693
3.76081
3.74406
3.73103
3.71596
3.70129
3.69142
3.67858
3.64372
3.6071
3.58755
3.56759
3.5469
3.52567
3.50393
3.48177
3.45928
3.43655
3.41367
3.39073
3.36785
3.34515
3.31414
3.23263
3.15412
3.10607
3.10287
3.1601
3.23642
3.22565
3.21148
3.19899
3.18833
3.17964
3.17306
3.1687
3.16669
3.16716
3.17028
3.17631
3.18563
3.19877
3.21644
3.23935
3.26827
3.30381
3.34648
3.39642
3.45384
3.5183
3.58946
3.66592
3.74645
3.82827
3.90896
3.98416
4.05074
4.10413
4.14274
4.16515
4.17524
4.17705
4.17454
4.23329
4.20615
4.13826
4.02477
3.88375
3.73484
3.59976
3.48958
3.41367
3.36951
3.36198
3.3796
3.42723
3.48975
3.56641
3.47584
3.4512
3.82964
4.15527
4.27638
4.15612
3.94309
3.78601
3.70768
3.66312
3.63098
3.62113
3.63286
3.65
3.67484
3.68734
3.69867
3.70427
3.71271
3.71871
3.72859
3.72956
3.73759
3.74621
3.76111
3.77381
3.79081
3.80576
3.82591
3.84451
3.86866
3.89098
3.92252
3.95478
3.99166
4.02959
4.07114
4.11943
4.1769
4.23303
4.27654
4.30389
4.2763
4.17216
3.99968
3.78767
3.6175
3.48652
3.3895
3.32692
3.29749
3.29113
3.29594
3.32668
3.37674
3.41452
3.43941
3.47066
3.51525
3.57386
3.63935
3.70056
3.75805
3.81241
3.87159
3.93265
3.99387
4.05324
4.11073
4.16597
4.21797
4.26751
4.31261
4.35526
4.39259
4.42532
4.45321
4.47606
4.4945
4.50957
4.52105
4.52911
4.53407
4.53638
4.53659
4.5348
4.53123
4.52621
4.52012
4.51328
4.5058
4.49771
4.48882
4.47937
4.4694
4.45909
4.44871
4.43813
4.42721
4.41572
4.40307
4.38936
4.37486
4.35981
4.34291
4.32358
4.30123
4.27674
4.2488
4.21831
4.18436
4.14907
4.11215
4.07521
4.03912
4.00959
3.98983
3.97466
3.9576
3.94077
3.92954
3.91614
3.879
3.8389
3.81676
3.79522
3.77278
3.74994
3.72666
3.70307
3.67925
3.65533
3.63141
3.60763
3.58411
3.56104
3.53226
3.4672
3.40597
3.36875
3.36561
3.40734
3.46286
3.45396
3.44335
3.4346
3.42768
3.42239
3.4185
3.41567
3.41349
3.41152
3.40938
3.40693
3.40455
3.40328
3.40491
3.41131
3.42458
3.44619
3.47739
3.518
3.56869
3.62823
3.69669
3.77143
3.852
3.93399
4.01641
4.09272
4.16183
4.21648
4.25765
4.28086
4.29324
4.29474
3.98709
4.04536
4.02363
3.96458
3.85981
3.72947
3.59102
3.46817
3.37072
3.31196
3.2864
3.30765
3.35607
3.45033
3.5605
3.70102
3.68247
3.72011
4.20114
4.52275
4.48482
4.13108
3.73574
3.51381
3.41278
3.35774
3.31909
3.30655
3.32156
3.34141
3.36608
3.38016
3.39252
3.39707
3.40532
3.41054
3.42132
3.42405
3.43502
3.44397
3.46212
3.4769
3.498
3.51591
3.54131
3.56452
3.59588
3.6248
3.66847
3.71383
3.7675
3.82369
3.88867
3.97075
4.07701
4.18775
4.29786
4.42525
4.47872
4.3962
4.21259
3.98306
3.80132
3.66212
3.56023
3.49527
3.46389
3.45681
3.46204
3.49506
3.54863
3.58944
3.61618
3.64972
3.69765
3.76045
3.83064
3.8962
3.9577
4.01581
4.07917
4.14426
4.20964
4.27301
4.3343
4.39325
4.44858
4.50131
4.54928
4.59442
4.63392
4.66837
4.6975
4.72122
4.74018
4.75549
4.76686
4.77446
4.77866
4.78004
4.77914
4.77602
4.7709
4.76412
4.75613
4.74728
4.73772
4.72749
4.71635
4.70452
4.69206
4.67913
4.66607
4.6528
4.63921
4.6251
4.60978
4.59335
4.57614
4.55854
4.5392
4.51746
4.49262
4.46559
4.43502
4.40172
4.36471
4.32609
4.28558
4.24471
4.20427
4.17028
4.14556
4.12747
4.10785
4.08823
4.07561
4.06257
4.02442
3.98126
3.95622
3.93382
3.91033
3.88679
3.86306
3.8393
3.81561
3.79221
3.76915
3.74672
3.72501
3.70434
3.68002
3.6286
3.58192
3.5558
3.55777
3.59586
3.64531
3.64476
3.64385
3.64489
3.64733
3.65022
3.65256
3.65299
3.64996
3.64172
3.62658
3.6034
3.57255
3.53654
3.49996
3.46757
3.4445
3.43381
3.43791
3.4558
3.48852
3.53328
3.59052
3.65568
3.72932
3.80483
3.88321
3.95522
4.02264
4.07498
4.11662
4.13926
4.15385
4.15477
3.67192
3.70778
3.69023
3.63964
3.54584
3.42911
3.30464
3.19609
3.11205
3.06788
3.05671
3.09919
3.17167
3.30853
3.47146
3.70475
3.77875
3.92212
4.50248
4.7639
4.51422
3.96353
3.41623
3.16832
3.05913
3.00348
2.96603
2.95291
2.9685
2.98965
3.01366
3.02836
3.04097
3.04486
3.05218
3.05622
3.06615
3.06898
3.08033
3.0883
3.10622
3.12064
3.14194
3.15957
3.18536
3.20867
3.24091
3.26984
3.31553
3.36394
3.42247
3.48389
3.55522
3.64877
3.7798
3.92615
4.08818
4.34562
4.57909
4.58005
4.39416
4.14458
3.95055
3.80414
3.69955
3.63423
3.60133
3.59313
3.59795
3.63244
3.68862
3.73101
3.75899
3.79429
3.84442
3.91017
3.98358
4.05191
4.11604
4.17662
4.24259
4.31025
4.37804
4.44375
4.50718
4.56806
4.62508
4.67918
4.72822
4.77416
4.8139
4.84825
4.87682
4.89959
4.91733
4.93113
4.94063
4.94597
4.94766
4.94643
4.94277
4.93662
4.92824
4.91793
4.90625
4.89364
4.88029
4.86623
4.85114
4.83519
4.81847
4.80116
4.7837
4.76613
4.74837
4.73025
4.71105
4.69078
4.66992
4.64907
4.6269
4.6025
4.57512
4.54562
4.51263
4.47677
4.43699
4.39528
4.35138
4.30663
4.26174
4.22306
4.19271
4.17296
4.15165
4.13031
4.11846
4.10778
4.0699
4.02465
3.9985
3.97742
3.95496
3.93294
3.91104
3.88954
3.86856
3.84837
3.829
3.81095
3.79416
3.77919
3.76238
3.72525
3.69378
3.68074
3.6919
3.73344
3.78504
3.79706
3.8098
3.8243
3.83937
3.85307
3.86324
3.86713
3.86148
3.84274
3.80755
3.75385
3.68277
3.59927
3.5119
3.42902
3.35924
3.30735
3.27687
3.26575
3.275
3.30016
3.3414
3.3927
3.45502
3.5202
3.59032
3.65464
3.7166
3.76418
3.80342
3.82433
3.83926
3.83968
3.31523
3.34443
3.32969
3.28571
3.20212
3.09809
2.98697
2.891
2.81773
2.78282
2.77899
2.83009
2.9117
3.06823
3.26116
3.57347
3.74713
4.05892
4.75629
4.91599
4.47863
3.82697
3.14451
2.86219
2.73819
2.67857
2.64095
2.62574
2.6391
2.66045
2.6841
2.69954
2.71276
2.71677
2.72352
2.72673
2.73577
2.73844
2.74919
2.75581
2.77205
2.7851
2.80493
2.8209
2.84475
2.8659
2.89582
2.9213
2.9627
3.00746
3.06227
3.12021
3.18582
3.27172
3.39982
3.54996
3.71676
4.04416
4.5049
4.70983
4.5579
4.2831
4.07239
3.91772
3.81255
3.74983
3.71497
3.70453
3.70819
3.74303
3.80047
3.84346
3.87181
3.90781
3.95933
4.02656
4.10147
4.17105
4.23605
4.29756
4.36449
4.43282
4.50112
4.56716
4.63068
4.69135
4.7479
4.80121
4.84912
4.89346
4.93115
4.96299
4.9886
5.00807
5.02239
5.03247
5.03788
5.03873
5.03584
5.03007
5.02179
5.01078
4.99729
4.98167
4.96461
4.94667
4.92813
4.90892
4.88861
4.86734
4.84526
4.82259
4.79996
4.77755
4.75534
4.73315
4.71018
4.68636
4.66248
4.6393
4.61541
4.58949
4.56082
4.53014
4.49609
4.459
4.4178
4.37437
4.32851
4.28132
4.23364
4.19179
4.1591
4.1416
4.12133
4.10138
4.09407
4.08749
4.05016
4.00385
3.98006
3.96254
3.94321
3.92454
3.90619
3.88849
3.87158
3.85577
3.84111
3.82819
3.81681
3.80774
3.79808
3.77292
3.75366
3.75067
3.76838
3.81167
3.86391
3.88465
3.90678
3.9305
3.95421
3.97514
3.99007
3.99479
3.98443
3.95408
3.89983
3.82009
3.7172
3.59743
3.47093
3.34755
3.23809
3.1491
3.08577
3.04597
3.0311
3.03556
3.05903
3.09497
3.14427
3.19785
3.25805
3.31362
3.36848
3.41046
3.44572
3.46439
3.47819
3.47825
2.97223
3.00432
2.99181
2.9531
2.8785
2.78563
2.6863
2.60093
2.53612
2.50691
2.50584
2.55727
2.63797
2.79663
2.99532
3.34784
3.59622
4.11247
4.94088
4.98161
4.42638
3.76126
2.96841
2.61876
2.46635
2.39502
2.35293
2.33309
2.34107
2.361
2.38401
2.40009
2.4142
2.41891
2.42541
2.42816
2.43644
2.43898
2.44896
2.45447
2.4688
2.48037
2.49844
2.51259
2.53405
2.55251
2.57936
2.60062
2.63589
2.67464
2.7228
2.77307
2.82744
2.8957
3.0045
3.13827
3.27676
3.59139
4.20014
4.71961
4.70083
4.4114
4.17757
4.01109
3.90737
3.85024
3.81174
3.79668
3.7975
3.83125
3.88846
3.93021
3.95771
3.99339
4.04495
4.11193
4.18634
4.25497
4.31877
4.37928
4.445
4.51177
4.57819
4.64211
4.70322
4.76124
4.81479
4.86479
4.90908
4.94926
4.98233
5.0092
5.02948
5.0436
5.05264
5.05726
5.05701
5.05186
5.04334
5.03225
5.01871
5.00228
4.98329
4.96211
4.93972
4.91674
4.8935
4.86974
4.84493
4.81915
4.79268
4.76586
4.73951
4.71393
4.68909
4.66472
4.63989
4.6145
4.58974
4.56638
4.54279
4.51713
4.4888
4.45842
4.42465
4.38753
4.3461
4.30217
4.25565
4.2075
4.15878
4.11514
4.08495
4.0719
4.05409
4.03723
4.03542
4.03138
3.99319
3.94585
3.92573
3.9111
3.89418
3.87777
3.86161
3.84607
3.83124
3.81753
3.80502
3.79406
3.78462
3.77749
3.77038
3.751
3.73672
3.73596
3.75224
3.78972
3.83527
3.8562
3.87895
3.9033
3.92756
3.94859
3.96259
3.96463
3.94915
3.91105
3.8471
3.75684
3.64333
3.51233
3.37265
3.23272
3.10303
2.99096
2.90363
2.84025
2.80364
2.78824
2.79467
2.81531
2.85124
2.893
2.94288
2.98956
3.03697
3.0732
3.10407
3.12034
3.13243
3.13219
2.6529
2.69291
2.68257
2.64839
2.58188
2.49903
2.41026
2.33419
2.27651
2.25144
2.25132
2.30013
2.37499
2.52484
2.71439
3.07293
3.36022
4.05092
4.98793
4.93023
4.33658
3.71643
2.90076
2.43999
2.24319
2.15063
2.09892
2.07203
2.07182
2.08853
2.11024
2.12664
2.14162
2.14738
2.15394
2.15651
2.16417
2.16664
2.17589
2.18052
2.19296
2.20308
2.21937
2.23173
2.25077
2.26649
2.29009
2.30722
2.33587
2.36773
2.40811
2.4494
2.49157
2.54014
2.62243
2.72943
2.82732
3.07812
3.70483
4.50864
4.7701
4.52817
4.27656
4.09484
3.99437
3.94559
3.89904
3.8748
3.8699
3.90008
3.95466
3.99258
4.01771
4.05142
4.10128
4.16574
4.23694
4.30199
4.36208
4.41937
4.48154
4.54426
4.60629
4.66564
4.72204
4.77514
4.82365
4.86835
4.9072
4.94141
4.96833
4.98897
5.00302
5.01135
5.01502
5.01426
5.00868
4.99794
4.98485
4.96962
4.95202
4.93144
4.90829
4.88309
4.85704
4.83081
4.80469
4.77813
4.75051
4.72191
4.69282
4.66367
4.63545
4.60852
4.58271
4.55761
4.53219
4.50639
4.48171
4.45884
4.43582
4.41037
4.38212
4.35158
4.3175
4.27968
4.23742
4.19247
4.14493
4.09567
4.04601
4.00078
3.97508
3.96453
3.94767
3.93255
3.93305
3.92724
3.8864
3.83775
3.81958
3.80494
3.78776
3.77079
3.7539
3.73745
3.72155
3.70664
3.6927
3.67996
3.66857
3.65927
3.65027
3.63132
3.61616
3.61161
3.62071
3.64714
3.68097
3.6962
3.7134
3.73219
3.75095
3.76667
3.77563
3.77319
3.7542
3.71427
3.6509
3.56435
3.45762
3.33541
3.20441
3.07059
2.94217
2.82544
2.72813
2.65092
2.59852
2.56758
2.55919
2.56506
2.58744
2.61709
2.65632
2.69393
2.73377
2.76412
2.79056
2.80429
2.81452
2.81391
2.35824
2.40725
2.39916
2.36902
2.30989
2.23614
2.15695
2.08924
2.03775
2.01593
2.01581
2.06061
2.12745
2.26369
2.43451
2.77521
3.07136
3.85629
4.84129
4.74105
4.17495
3.63226
2.8933
2.32105
2.06494
1.94089
1.87429
1.8383
1.82775
1.83954
1.85904
1.87519
1.89081
1.89771
1.90452
1.90712
1.91427
1.91673
1.92527
1.92927
1.93994
1.94867
1.9632
1.9739
1.99062
2.00371
2.02415
2.03757
2.05993
2.08476
2.11721
2.14941
2.18028
2.21076
2.26616
2.34338
2.40062
2.57064
3.1197
4.0512
4.67204
4.59528
4.36613
4.17713
4.08414
4.04605
3.98492
3.94415
3.92863
3.95139
3.99962
4.03011
4.05099
4.08067
4.12677
4.18589
4.251
4.3096
4.36373
4.41604
4.47284
4.52969
4.58565
4.63905
4.68955
4.73683
4.77956
4.81841
4.85139
4.87928
4.89999
4.91462
4.92296
4.92633
4.92553
4.92026
4.91033
4.8949
4.87848
4.86015
4.83939
4.81548
4.78902
4.7607
4.73193
4.70326
4.67489
4.64605
4.61605
4.58508
4.5538
4.52275
4.49299
4.46482
4.43789
4.41166
4.38506
4.35814
4.33258
4.30883
4.28468
4.25772
4.22779
4.19532
4.15921
4.11918
4.0748
4.02777
3.97837
3.92742
3.87636
3.83054
3.80803
3.79672
3.77872
3.76322
3.76211
3.75125
3.70747
3.65819
3.63993
3.62325
3.60408
3.58491
3.56566
3.54678
3.52836
3.51078
3.49379
3.47781
3.46303
3.45007
3.43758
3.41701
3.39889
3.38877
3.38932
3.40388
3.42518
3.43285
3.44236
3.45333
3.46434
3.47282
3.47562
3.46896
3.44869
3.41132
3.35491
3.2798
3.18854
3.08474
2.97336
2.85835
2.74545
2.63897
2.5455
2.46615
2.40666
2.36573
2.34717
2.34106
2.35096
2.36875
2.39727
2.42562
2.45779
2.48203
2.50405
2.51505
2.52337
2.52227
2.08815
2.14353
2.13768
2.11119
2.05886
1.9935
1.92308
1.86296
1.817
1.79779
1.79714
1.83716
1.89496
2.01526
2.16213
2.46913
2.75206
3.54315
4.50945
4.42703
3.93188
3.48306
2.87354
2.25229
1.92699
1.76124
1.67495
1.6284
1.6063
1.61193
1.62827
1.64348
1.65929
1.66725
1.67437
1.67716
1.68385
1.68637
1.6942
1.69777
1.7068
1.7142
1.72701
1.73616
1.75069
1.76136
1.77876
1.78901
1.80583
1.82402
1.84896
1.87265
1.89394
1.90962
1.94158
1.99089
2.01469
2.10738
2.5356
3.43338
4.34635
4.54339
4.41113
4.24789
4.17435
4.15203
4.07301
4.00836
3.97584
3.9857
4.02249
4.04138
4.05647
4.08022
4.12037
4.17156
4.22808
4.27837
4.3254
4.37219
4.42291
4.47319
4.52251
4.56958
4.61387
4.65501
4.69157
4.72411
4.75064
4.77159
4.78553
4.79365
4.79587
4.79385
4.78802
4.77761
4.76272
4.74203
4.72175
4.69957
4.67486
4.6469
4.61662
4.58478
4.55289
4.52134
4.49013
4.45841
4.42551
4.3918
4.35803
4.32477
4.29311
4.26314
4.23434
4.20614
4.17743
4.14849
4.12092
4.09494
4.06816
4.03845
4.00574
3.97043
3.93158
3.88893
3.84231
3.79332
3.74239
3.69025
3.63866
3.59427
3.57306
3.55947
3.53969
3.52294
3.51832
3.50184
3.45649
3.40812
3.38914
3.37031
3.34919
3.32797
3.30658
3.28559
3.26499
3.245
3.22541
3.20668
3.189
3.17288
3.15734
3.13522
3.11442
3.09943
3.09262
3.09698
3.10737
3.10803
3.11028
3.1138
3.11748
3.11926
3.11676
3.10715
3.08733
3.05469
3.00765
2.94645
2.873
2.78997
2.70102
2.60877
2.51706
2.42844
2.34778
2.2757
2.2177
2.1734
2.14854
2.13524
2.13581
2.14341
2.16184
2.18106
2.20555
2.22349
2.24107
2.24907
2.25543
2.2537
1.84417
1.89951
1.89564
1.8725
1.82643
1.76878
1.70644
1.65323
1.61222
1.59509
1.59357
1.62824
1.67665
1.78
1.90118
2.1653
2.42013
3.15023
4.04812
4.02304
3.62121
3.26908
2.80181
2.2113
1.82457
1.61207
1.50137
1.49138
1.50292
1.52541
1.54759
1.56564
1.58047
1.58914
1.59421
1.59701
1.59959
1.60072
1.6019
1.60162
1.60171
1.60257
1.60366
1.60441
1.60477
1.60508
1.60511
1.60243
1.59959
1.59927
1.60328
1.61938
1.63296
1.6375
1.65118
1.67687
1.67665
1.70693
2.0084
2.77268
3.82054
4.31506
4.35495
4.26665
4.23369
4.2376
4.1499
4.06156
4.00769
3.99913
4.01905
4.02332
4.03194
4.04919
4.08132
4.1226
4.16904
4.21009
4.24968
4.29062
4.33447
4.37715
4.4187
4.45809
4.49463
4.52786
4.5563
4.58038
4.59823
4.61008
4.61524
4.61495
4.60929
4.6001
4.58747
4.57034
4.54917
4.5223
4.49703
4.46997
4.44041
4.40779
4.37336
4.33789
4.30283
4.26836
4.23425
4.1997
4.16406
4.12795
4.09209
4.05704
4.02381
3.99221
3.96168
3.93163
3.90096
3.87023
3.84074
3.81255
3.78318
3.75099
3.71591
3.67841
3.63761
3.59341
3.54576
3.49622
3.44522
3.39356
3.34351
3.30221
3.28165
3.26601
3.24512
3.22744
3.21925
3.19839
3.15344
3.10766
3.08835
3.06827
3.04617
3.02389
3.00145
2.97944
2.95777
2.93639
2.91539
2.89511
2.87572
2.85765
2.84017
2.81735
2.80014
2.84518
2.896
2.95041
3.0036
3.0502
3.09669
3.14114
3.18147
3.21429
3.23557
3.23998
3.22224
3.17875
3.10799
3.0113
2.89311
2.75953
2.6177
2.47291
2.33103
2.20071
2.13637
2.07671
2.02616
1.98447
1.95744
1.94006
1.93506
1.93574
1.946
1.95702
1.97415
1.98584
1.99895
2.0037
2.00807
2.00551
1.6922
1.74155
1.734
1.71627
1.68999
1.65691
1.62257
1.58967
1.56182
1.54024
1.52449
1.51629
1.51297
1.55877
1.65496
1.87291
2.09124
2.72206
3.52211
3.5682
3.26585
3.00457
2.67181
2.20166
1.87981
1.68175
1.58977
1.55246
1.54849
1.56606
1.59043
1.61317
1.63363
1.64655
1.65508
1.66036
1.66539
1.66848
1.67169
1.67285
1.67432
1.67636
1.67899
1.6809
1.68253
1.68364
1.68463
1.6823
1.67923
1.67809
1.67711
1.67424
1.66256
1.64236
1.62429
1.60503
1.54459
1.47323
1.56282
2.1563
3.18021
3.9122
4.15919
4.18417
4.21229
4.25325
4.17731
4.07825
4.00562
3.97648
3.97679
3.96615
3.96844
3.97962
4.00238
4.03188
4.06687
4.09793
4.12903
4.16257
4.19742
4.23026
4.26161
4.29074
4.31686
4.33944
4.35712
4.37021
4.37715
4.37808
4.37297
4.3631
4.34863
4.33143
4.31137
4.28722
4.25966
4.22735
4.19718
4.16567
4.13181
4.09542
4.05787
4.0199
3.9828
3.94651
3.91063
3.87441
3.83732
3.80013
3.76348
3.72789
3.69421
3.66202
3.63076
3.59987
3.56838
3.53695
3.50661
3.47722
3.44641
3.41299
3.37688
3.33864
3.29744
3.25337
3.20644
3.15814
3.10892
3.05972
3.01318
2.97599
2.95626
2.93955
2.9186
2.90075
2.88975
2.86635
2.82355
2.78167
2.77963
2.80749
2.83061
2.853
2.87491
2.89712
2.91967
2.94266
2.96637
2.99118
3.01731
3.04517
3.07482
3.10507
3.14176
3.18555
3.2347
3.28703
3.33793
3.38222
3.42591
3.46709
3.50371
3.53258
3.54991
3.55066
3.52996
3.48431
3.41196
3.31372
3.19343
3.05663
2.91017
2.75913
2.60932
2.46497
2.33135
2.20914
2.10207
2.01035
1.93695
1.87877
1.83566
1.80387
1.78206
1.76664
1.76173
1.76768
1.77647
1.77779
1.78016
1.77657
1.8003
1.844
1.83712
1.81926
1.79211
1.7578
1.72195
1.68787
1.65898
1.63743
1.62164
1.61503
1.61247
1.61854
1.62195
1.67295
1.77836
2.29617
2.98476
3.36468
3.40079
3.30573
2.9942
2.53078
2.14108
1.8591
1.69822
1.61812
1.58783
1.59259
1.61378
1.63791
1.66209
1.6792
1.69184
1.70023
1.70839
1.71398
1.7197
1.72264
1.7258
1.72923
1.73361
1.73679
1.73975
1.74174
1.7437
1.74178
1.73855
1.73641
1.73449
1.7301
1.7169
1.69315
1.66952
1.64275
1.57522
1.48443
1.5029
1.75528
2.51724
3.38354
3.82411
3.97656
4.07531
4.15759
4.1116
4.01982
3.93774
3.89132
3.87369
3.85113
3.84778
3.85315
3.86628
3.8831
3.9055
3.92611
3.94744
3.97177
3.99551
4.01666
4.03605
4.05327
4.06752
4.07819
4.08423
4.08572
4.08165
4.07202
4.05735
4.03889
4.01675
3.99272
3.96655
3.93691
3.90452
3.86904
3.83543
3.80122
3.76488
3.72669
3.68796
3.64936
3.61195
3.57552
3.53951
3.50328
3.46645
3.42983
3.39397
3.35931
3.32652
3.29503
3.26433
3.23389
3.2029
3.17208
3.14215
3.11283
3.08198
3.04875
3.0131
2.97565
2.93561
2.89324
2.84863
2.84224
2.84717
2.85307
2.86267
2.88236
2.91838
2.95697
2.98822
3.01997
3.05613
3.07709
3.07396
3.07303
3.10036
3.12816
3.15104
3.17292
3.19435
3.21603
3.23772
3.25983
3.28263
3.30645
3.33155
3.3583
3.38677
3.41558
3.45042
3.49187
3.53818
3.58722
3.63463
3.67548
3.71529
3.75219
3.7843
3.80863
3.82175
3.81899
3.7959
3.7492
3.67691
3.5794
3.45985
3.32314
3.17562
3.02208
2.86811
2.71777
2.57639
2.44463
2.3265
2.22232
2.13564
2.06355
2.00725
1.96341
1.93196
1.90869
1.89139
1.8785
1.86653
1.85848
1.84746
1.84274
1.89227
1.93251
1.92624
1.90839
1.88057
1.84528
1.80815
1.77303
1.74309
1.72127
1.70501
1.69893
1.69584
1.70248
1.70384
1.75586
1.75375
1.93333
2.88387
3.56879
3.66726
3.62216
3.37161
2.86782
2.42933
2.08208
1.84371
1.70347
1.63415
1.61582
1.62643
1.64703
1.67183
1.69134
1.70707
1.718
1.72873
1.73648
1.7447
1.74981
1.75527
1.76053
1.76714
1.77183
1.7763
1.77941
1.78253
1.78121
1.77808
1.77506
1.77217
1.76614
1.75149
1.72458
1.69614
1.66192
1.58818
1.47954
1.46582
1.68145
2.19697
2.79399
3.37985
3.65217
3.81966
3.94133
3.93333
3.86112
3.77952
3.72242
3.69213
3.66252
3.65493
3.65479
3.65912
3.6644
3.67477
3.68572
3.6973
3.71196
3.7244
3.73406
3.74195
3.74787
3.7511
3.75094
3.74675
3.73831
3.72524
3.70734
3.68556
3.66098
3.63371
3.60528
3.57535
3.54262
3.50785
3.4716
3.43669
3.40182
3.36512
3.32724
3.28928
3.25188
3.21583
3.1808
3.14619
3.11147
3.07641
3.04177
3.00802
2.97552
2.94473
2.96269
2.9819
3.00062
3.01819
3.03545
3.05334
3.07148
3.08759
3.1008
3.11139
3.12026
3.12673
3.13114
3.13383
3.13644
3.13965
3.14474
3.15504
3.17716
3.2154
3.25476
3.28659
3.319
3.35389
3.37149
3.36599
3.36527
3.39341
3.42083
3.44309
3.46422
3.48491
3.50563
3.52615
3.54703
3.56854
3.59097
3.61458
3.63973
3.66648
3.69327
3.72558
3.76393
3.80664
3.85163
3.89484
3.93161
3.96696
3.99912
4.02639
4.04606
4.05505
4.04905
4.02413
3.97719
3.90614
3.81097
3.6942
3.56004
3.41425
3.26124
3.10627
2.95318
2.80722
2.66899
2.54263
2.42848
2.33052
2.24603
2.1771
2.12057
2.07761
2.0447
2.01984
2.00031
1.98291
1.96962
1.95493
1.94727
1.97193
2.00799
2.00228
1.98451
1.95623
1.92019
1.88199
1.84594
1.81493
1.79253
1.77533
1.76872
1.76396
1.76908
1.76641
1.81421
1.81123
1.98999
2.9373
3.69741
3.86789
3.88167
3.70679
3.20451
2.72908
2.34243
2.03621
1.82472
1.70283
1.64897
1.63908
1.64925
1.66996
1.68889
1.70579
1.71812
1.73049
1.73975
1.74977
1.75661
1.76381
1.77044
1.77865
1.785
1.79145
1.7961
1.80091
1.80055
1.7979
1.79452
1.79091
1.78354
1.76774
1.73846
1.70623
1.66571
1.58689
1.46363
1.41714
1.58106
2.07059
2.64047
2.86893
3.24011
3.46665
3.62308
3.65361
3.60567
3.53138
3.47025
3.43354
3.4018
3.39181
3.38726
3.38453
3.38085
3.38175
3.3848
3.38828
3.39439
3.39724
3.39744
3.39602
3.39291
3.38749
3.37904
3.36723
3.35167
3.33247
3.30928
3.28333
3.25542
3.22573
3.19547
3.16417
3.13073
3.09595
3.06072
3.02657
2.99277
2.99337
3.01888
3.04275
3.06572
3.08854
3.11083
3.13188
3.15113
3.16853
3.18515
3.20172
3.2188
3.23695
3.25548
3.27386
3.29152
3.30791
3.32397
3.34051
3.35688
3.37075
3.38142
3.38929
3.39536
3.39895
3.4006
3.40083
3.40149
3.4034
3.40825
3.41984
3.44454
3.48454
3.52432
3.55648
3.58907
3.62188
3.63616
3.62871
3.62869
3.6571
3.6839
3.70527
3.72556
3.74533
3.76474
3.78388
3.80331
3.82329
3.84406
3.86589
3.88913
3.91381
3.93818
3.96753
4.00234
4.04101
4.08156
4.12025
4.15266
4.18338
4.21073
4.23319
4.24836
4.25349
4.24462
4.21839
4.17185
4.10287
4.01111
3.89855
3.76871
3.62675
3.47665
3.32328
3.17018
3.02245
2.88059
2.74873
2.62718
2.52016
2.42512
2.34486
2.2763
2.22158
2.1772
2.14301
2.11539
2.09204
2.07289
2.05378
2.04228
2.04094
2.07139
2.06609
2.04845
2.01991
1.98334
1.94425
1.90739
1.87529
1.85199
1.83343
1.82533
1.8179
1.81974
1.81128
1.85026
1.84196
2.00876
2.92864
3.74953
3.99489
4.0719
3.97969
3.52166
3.03247
2.62792
2.27491
1.99304
1.80844
1.70702
1.66491
1.65558
1.66544
1.67924
1.69413
1.70585
1.71829
1.728
1.7388
1.74663
1.75487
1.7623
1.7714
1.77879
1.78649
1.79221
1.7981
1.79903
1.79751
1.79464
1.79093
1.78296
1.76662
1.7362
1.70125
1.65656
1.57401
1.44066
1.36308
1.47164
1.88688
2.55626
2.93037
2.96016
3.04856
3.2343
3.30075
3.27774
3.21378
3.15491
3.11718
3.08703
3.07638
3.069
3.06149
3.05187
3.0465
3.0438
3.04153
3.04105
3.03685
3.03028
3.02229
3.01292
3.00158
2.98767
2.97102
2.95123
2.92863
2.90291
2.91611
2.95671
2.99641
3.03594
3.0743
3.10978
3.14304
3.17513
3.20701
3.23784
3.26508
3.28965
3.31275
3.33513
3.35744
3.37913
3.39943
3.41781
3.43437
3.45028
3.46625
3.48283
3.50044
3.51827
3.53574
3.55227
3.5674
3.58214
3.59714
3.61153
3.62295
3.63092
3.63601
3.63923
3.64
3.63905
3.63711
3.6362
3.6373
3.64249
3.6558
3.68301
3.72425
3.76416
3.79641
3.82868
3.8589
3.87015
3.86131
3.86231
3.89047
3.91643
3.9368
3.95618
3.97484
3.99279
4.01045
4.02831
4.04662
4.06558
4.0855
4.10666
4.12907
4.15082
4.17697
4.20802
4.24247
4.27848
4.31262
4.34071
4.3669
4.38961
4.40755
4.41856
4.42024
4.40894
4.38187
4.33624
4.2699
4.18228
4.07488
3.95061
3.81401
3.66863
3.51893
3.36811
3.22103
3.07808
2.94327
2.81685
2.7031
2.59959
2.50965
2.43027
2.36443
2.30841
2.26361
2.22597
2.19512
2.16954
2.14544
2.12933
2.09723
2.12364
2.1184
2.10093
2.07228
2.0354
1.99563
1.95807
1.92489
1.90043
1.88012
1.86973
1.85889
1.85582
1.8404
1.86666
1.8493
1.99565
2.86656
3.72768
4.04388
4.18335
4.17427
3.79703
3.32395
2.91849
2.54767
2.2101
1.95993
1.80322
1.7186
1.67962
1.66981
1.67208
1.6801
1.68796
1.69795
1.70635
1.71636
1.72407
1.7323
1.73979
1.74892
1.75663
1.76477
1.77101
1.77731
1.77905
1.77815
1.77556
1.77183
1.76429
1.74851
1.71861
1.6821
1.63596
1.55151
1.41338
1.30831
1.36396
1.68246
2.35306
2.92714
3.12251
3.20906
3.21368
3.00101
2.90795
2.85647
2.80411
2.76919
2.74291
2.73292
2.72424
2.71413
2.70134
2.69245
2.68612
2.68025
2.67524
2.70863
2.75757
2.80722
2.85734
2.90696
2.9552
3.00172
3.04594
3.08826
3.12817
3.16726
3.20587
3.24388
3.28192
3.31875
3.35278
3.38491
3.41622
3.44727
3.47719
3.50344
3.52726
3.54977
3.57174
3.59365
3.61484
3.63451
3.65217
3.66807
3.68343
3.69894
3.71511
3.73219
3.7493
3.76583
3.78118
3.79502
3.80836
3.8217
3.83395
3.84285
3.84811
3.85046
3.85093
3.84906
3.8458
3.84208
3.84004
3.84086
3.84686
3.86209
3.89153
3.93352
3.97327
4.00536
4.03682
4.06428
4.07295
4.06332
4.06543
4.09291
4.11787
4.13724
4.15565
4.17303
4.18951
4.20566
4.22192
4.23852
4.25565
4.2736
4.29265
4.31273
4.33179
4.35469
4.38195
4.4122
4.44378
4.47354
4.49754
4.5195
4.53794
4.55178
4.5591
4.55781
4.54456
4.51712
4.47281
4.40952
4.32652
4.2249
4.10702
3.97687
3.83756
3.69313
3.54645
3.40205
3.26027
3.12484
2.99595
2.8778
2.76806
2.67033
2.5817
2.50579
2.43879
2.38328
2.33476
2.29468
2.26096
2.23107
2.20977
2.14072
2.16531
2.15975
2.14246
2.11387
2.0769
2.03666
1.99855
1.96433
1.93854
1.91617
1.90289
1.88809
1.87884
1.85571
1.86689
1.83696
1.95674
2.76071
3.63787
4.01486
4.21104
4.28061
4.00902
3.58388
3.19867
2.83395
2.4668
2.16014
1.94612
1.81271
1.73576
1.69704
1.67992
1.67435
1.67357
1.67722
1.68157
1.68842
1.69427
1.70091
1.70737
1.71538
1.72255
1.73012
1.7362
1.74214
1.74415
1.74327
1.74077
1.73653
1.72913
1.7135
1.6855
1.64921
1.60431
1.52071
1.38317
1.25594
1.26385
1.48903
2.06286
2.78613
3.16462
3.3484
3.42455
3.26959
3.01201
2.80839
2.69397
2.64759
2.63632
2.65509
2.67922
2.70501
2.73116
2.76671
2.80945
2.85665
2.90647
2.9531
2.99928
3.04614
3.09348
3.14021
3.18548
3.22895
3.27011
3.30945
3.34663
3.38342
3.42
3.45632
3.49284
3.52815
3.56082
3.59196
3.62255
3.65288
3.68196
3.7074
3.73066
3.75276
3.77448
3.7961
3.81689
3.83605
3.85314
3.86855
3.88351
3.89865
3.91446
3.93102
3.94739
3.96295
3.97711
3.98964
4.00153
4.01313
4.02318
4.02959
4.03224
4.03202
4.02996
4.02578
4.0206
4.01553
4.01284
4.01383
4.02097
4.03811
4.06933
4.11154
4.15086
4.18254
4.21279
4.23757
4.24425
4.23443
4.23757
4.26402
4.28785
4.30628
4.32373
4.3397
4.35474
4.36942
4.38411
4.39905
4.4144
4.43044
4.44743
4.46522
4.48165
4.50137
4.52495
4.55117
4.57858
4.60428
4.62454
4.64269
4.65733
4.6676
4.67177
4.66804
4.65333
4.62598
4.58335
4.52342
4.44535
4.34991
4.23897
4.11599
3.98374
3.8458
3.70473
3.56472
3.42602
3.29207
3.16294
3.04266
2.92895
2.8255
2.72947
2.64491
2.56801
2.50229
2.44298
2.39306
2.34949
2.3124
2.28471
2.17549
2.19639
2.1904
2.1733
2.14496
2.10812
2.06767
2.02921
1.99406
1.96687
1.94227
1.92568
1.9066
1.89047
1.85901
1.85498
1.80887
1.89808
2.62222
3.48952
3.91284
4.15636
4.29605
4.14137
3.79206
3.44898
3.10614
2.74359
2.40247
2.13835
1.95491
1.83451
1.7609
1.71683
1.69019
1.67467
1.66661
1.66295
1.66311
1.66452
1.6672
1.67095
1.67621
1.68161
1.68731
1.69232
1.69692
1.6985
1.69691
1.69414
1.68895
1.68145
1.66558
1.63945
1.60374
1.56092
1.48226
1.34999
1.20755
1.17472
1.31952
1.75332
2.51485
3.07279
3.37179
3.53642
3.46443
3.24475
3.04403
2.9256
2.87656
2.86553
2.88374
2.90604
2.92931
2.95289
2.98651
3.02757
3.07295
3.12017
3.16372
3.20679
3.25055
3.29476
3.33829
3.38035
3.42057
3.45857
3.49488
3.52935
3.56387
3.59847
3.63315
3.66819
3.70204
3.73348
3.76375
3.79369
3.82339
3.85172
3.87653
3.8994
3.92125
3.9428
3.96421
3.98467
4.0034
4.02006
4.0351
4.04975
4.06459
4.08003
4.09603
4.11163
4.1262
4.13917
4.15041
4.16082
4.17065
4.17855
4.18261
4.18287
4.18037
4.17611
4.17004
4.16338
4.15745
4.15455
4.15607
4.1645
4.18334
4.21576
4.25768
4.29628
4.32731
4.35609
4.37848
4.38377
4.37433
4.37827
4.40346
4.42609
4.44363
4.46003
4.47464
4.48834
4.50163
4.51486
4.52823
4.54191
4.55616
4.57121
4.58683
4.60076
4.61747
4.63758
4.66004
4.68361
4.70566
4.7226
4.73743
4.74882
4.75607
4.75767
4.75205
4.73639
4.70956
4.66896
4.61265
4.53974
4.45072
4.34706
4.23176
4.10725
3.97671
3.84241
3.70819
3.57421
3.44357
3.31625
3.19597
3.08053
2.9735
2.87213
2.78063
2.69527
2.62027
2.55074
2.49102
2.43713
2.39167
2.35585
2.20297
2.2166
2.21021
2.19339
2.16553
2.12909
2.08874
2.0502
2.01435
1.98581
1.95894
1.93887
1.91529
1.89223
1.8521
1.83398
1.77009
1.82608
2.46819
3.29473
3.7479
4.02782
4.22619
4.1866
3.93148
3.64926
3.34667
3.01044
2.66685
2.37187
2.14605
1.98212
1.87068
1.79423
1.74127
1.7047
1.67918
1.66243
1.65139
1.64472
1.64013
1.63864
1.63885
1.64067
1.64278
1.64533
1.6473
1.64739
1.64412
1.64037
1.63369
1.62557
1.60918
1.58442
1.54969
1.50896
1.43638
1.31269
1.16309
1.09786
1.17703
1.47233
2.15225
2.84198
3.26918
3.53557
3.5711
3.41551
3.23207
3.11587
3.06729
3.05804
3.07636
3.09741
3.11872
3.14024
3.17211
3.21133
3.25464
3.29893
3.33925
3.37907
3.41952
3.46041
3.50058
3.53933
3.57625
3.61111
3.64446
3.67633
3.70867
3.74135
3.77444
3.80802
3.8405
3.87084
3.90034
3.92967
3.95879
3.98645
4.01076
4.03335
4.05502
4.07645
4.09764
4.11778
4.13614
4.15243
4.16718
4.18156
4.19609
4.21111
4.22649
4.24126
4.25483
4.26663
4.2766
4.28557
4.29367
4.29956
4.30152
4.29972
4.29531
4.2893
4.28181
4.27419
4.26786
4.26514
4.26743
4.27714
4.29729
4.33025
4.37139
4.40898
4.43912
4.46636
4.48676
4.49124
4.48265
4.48715
4.51093
4.53233
4.54902
4.56428
4.57764
4.59011
4.60213
4.61401
4.62596
4.63812
4.65074
4.66401
4.67762
4.68926
4.70317
4.72007
4.73908
4.7592
4.77801
4.7921
4.80413
4.81281
4.81764
4.81725
4.81027
4.79418
4.76831
4.73004
4.6776
4.61002
4.5276
4.43146
4.32417
4.20789
4.08544
3.95882
3.8315
3.70362
3.5779
3.45423
3.33595
3.22091
3.11247
3.00791
2.91141
2.81935
2.73637
2.6576
2.58853
2.52447
2.47025
2.42516
2.2192
2.22702
2.21962
2.20271
2.17517
2.13943
2.09959
2.06142
2.02519
1.99556
1.96656
1.94311
1.91494
1.88543
1.83676
1.8058
1.7249
1.74835
2.31083
3.06751
3.53603
3.84777
4.08473
4.14744
3.99195
3.78266
3.53626
3.24118
2.92409
2.62519
2.37507
2.17702
2.0298
1.91954
1.83732
1.77481
1.72796
1.69287
1.66636
1.64713
1.63148
1.62122
1.61348
1.60904
1.60534
1.60334
1.601
1.59787
1.59164
1.58554
1.57663
1.56677
1.54947
1.52486
1.4913
1.45181
1.38567
1.27219
1.12235
1.03294
1.0604
1.24692
1.66328
2.48053
3.0349
3.41088
3.57422
3.51312
3.36656
3.26123
3.21714
3.21153
3.23102
3.25177
3.272
3.29216
3.32251
3.35987
3.4009
3.44214
3.47924
3.51577
3.55285
3.59034
3.62712
3.66257
3.69626
3.7281
3.75862
3.78803
3.81827
3.84911
3.88063
3.91277
3.94394
3.97327
4.00203
4.03075
4.05927
4.08629
4.11018
4.13254
4.15403
4.17527
4.19619
4.21596
4.23393
4.24988
4.26434
4.27842
4.29257
4.30708
4.32175
4.33564
4.34819
4.35887
4.36763
4.37523
4.38172
4.38582
4.38603
4.38262
4.37676
4.3695
4.36112
4.35305
4.34676
4.34452
4.3477
4.35852
4.37951
4.41236
4.45226
4.48855
4.5176
4.54333
4.56218
4.56638
4.55899
4.56383
4.58613
4.60626
4.62213
4.63617
4.64841
4.65978
4.67065
4.68133
4.69201
4.70281
4.71395
4.72562
4.7374
4.74697
4.75833
4.77229
4.78818
4.80522
4.82123
4.83291
4.84263
4.84914
4.8521
4.85027
4.84245
4.82646
4.80195
4.76635
4.718
4.65593
4.58026
4.49181
4.39279
4.28511
4.17127
4.05304
3.93355
3.81291
3.6935
3.5751
3.46065
3.34805
3.24031
3.13475
3.03534
2.93856
2.84924
2.76264
2.68505
2.61139
2.54847
2.49383
2.22527
2.22864
2.21959
2.20216
2.1747
2.13953
2.10016
2.06238
2.02629
1.99608
1.96531
1.93883
1.90625
1.87109
1.81455
1.77202
1.67585
1.67024
2.15327
2.83038
3.30677
3.64854
3.89569
4.03598
3.9722
3.83919
3.65838
3.41776
3.14171
2.86774
2.61768
2.40345
2.23151
2.09282
1.98235
1.89253
1.82223
1.76506
1.72027
1.6839
1.6543
1.63115
1.61267
1.59847
1.58656
1.577
1.56842
1.55944
1.54862
1.53792
1.52565
1.51213
1.49307
1.46661
1.43371
1.39403
1.33352
1.23046
1.08608
0.978416
0.967535
1.07528
1.40385
1.73902
2.6717
3.15595
3.45853
3.52327
3.43909
3.35699
3.32298
3.32356
3.34584
3.36772
3.3881
3.40784
3.43703
3.47263
3.51132
3.54956
3.5836
3.61695
3.65071
3.68485
3.7183
3.75055
3.78118
3.81016
3.83805
3.86516
3.89337
3.9224
3.95235
3.98302
4.0129
4.04124
4.06926
4.09729
4.12513
4.1515
4.17496
4.19703
4.21826
4.23921
4.25971
4.27902
4.29654
4.3121
4.32621
4.3399
4.35357
4.36746
4.38132
4.39429
4.40582
4.41543
4.42309
4.42945
4.43452
4.43715
4.43604
4.43149
4.42472
4.41676
4.40803
4.39999
4.39412
4.39257
4.39665
4.40831
4.42962
4.46176
4.49999
4.5347
4.56254
4.58684
4.60454
4.60887
4.60291
4.60796
4.62872
4.64755
4.66254
4.67539
4.68661
4.69698
4.70682
4.71643
4.72597
4.73556
4.74539
4.7556
4.76573
4.77344
4.7825
4.7938
4.80686
4.82116
4.83473
4.84441
4.85226
4.8571
4.8587
4.85593
4.84776
4.83237
4.80961
4.77699
4.73296
4.67659
4.60782
4.52724
4.43672
4.33794
4.23315
4.12391
4.013
3.90057
3.78865
3.67696
3.56799
3.45972
3.35471
3.25033
3.15017
3.05084
2.95709
2.86438
2.77952
2.69725
2.62604
2.56207
2.22192
2.22205
2.21086
2.19247
2.16482
2.13002
2.09106
2.05352
2.0174
1.98703
1.95512
1.92628
1.88982
1.84995
1.78674
1.73414
1.62493
1.59415
1.99866
2.60216
3.07937
3.44434
3.6926
3.87014
3.87985
3.81755
3.70348
3.52497
3.30184
3.06707
2.84193
2.63368
2.45456
2.30034
2.1698
2.05739
1.96479
1.88539
1.82106
1.76517
1.71935
1.68008
1.64878
1.62129
1.59927
1.5787
1.56213
1.54393
1.52678
1.50837
1.49121
1.47132
1.44898
1.41809
1.3841
1.3425
1.28511
1.19087
1.05463
0.933864
0.894009
0.947086
1.13762
1.06777
2.00158
2.84078
3.32911
3.57459
3.59108
3.53959
3.49645
3.47811
3.48718
3.49614
3.49397
3.48633
3.51497
3.54915
3.58562
3.62108
3.65238
3.68281
3.71343
3.74435
3.77465
3.80391
3.8317
3.85806
3.88353
3.90849
3.93474
3.96198
3.99029
4.01944
4.048
4.07532
4.10248
4.12973
4.15675
4.18237
4.20534
4.22701
4.24783
4.26829
4.28822
4.30691
4.32386
4.33893
4.3526
4.36579
4.37885
4.39199
4.40495
4.41696
4.42751
4.43614
4.44284
4.44813
4.45205
4.45359
4.4516
4.44646
4.4393
4.4312
4.42264
4.41507
4.40991
4.40919
4.41407
4.42625
4.4474
4.4783
4.51448
4.54737
4.57389
4.59682
4.61367
4.61844
4.61403
4.61923
4.63839
4.6559
4.66981
4.68158
4.69185
4.70129
4.71019
4.71882
4.72732
4.73582
4.74445
4.75333
4.76195
4.76799
4.77496
4.78382
4.79431
4.80615
4.81759
4.82559
4.83195
4.83551
4.83619
4.83293
4.82483
4.81051
4.78986
4.7605
4.72105
4.67056
4.60889
4.53638
4.45458
4.36501
4.26966
4.16992
4.06826
3.96487
3.86147
3.75774
3.65574
3.55351
3.45315
3.35206
3.25335
3.15372
3.05765
2.96085
2.87033
2.78085
2.70218
2.6295
2.21229
2.20756
2.19395
2.17424
2.14609
2.11144
2.07279
2.03536
1.9991
1.96822
1.93561
1.90541
1.86602
1.82253
1.75429
1.69344
1.57385
1.52175
1.85192
2.38783
2.85414
3.23085
3.48927
3.66777
3.729
3.72509
3.67122
3.55476
3.39113
3.20372
3.01633
2.83474
2.66778
2.51518
2.37837
2.25431
2.14666
2.05027
1.9685
1.8949
1.83217
1.77631
1.73056
1.68833
1.65408
1.62058
1.59377
1.56403
1.53806
1.50948
1.48499
1.4564
1.4279
1.3902
1.35152
1.30608
1.24725
1.15818
1.02923
0.899684
0.835641
0.849925
0.970931
1.10521
1.22637
2.54419
3.15257
3.58946
3.74532
3.7609
3.74694
3.7434
3.76125
3.7757
3.77637
3.7618
3.74454
3.73031
3.72012
3.71051
3.68557
3.71349
3.74132
3.76931
3.79674
3.82328
3.84854
3.87256
3.89586
3.91883
3.94315
3.96858
3.99519
4.02272
4.04989
4.07607
4.10225
4.12854
4.15458
4.17932
4.20164
4.22274
4.24297
4.26274
4.28189
4.2998
4.31604
4.3305
4.34359
4.35616
4.3685
4.38079
4.3928
4.40384
4.41345
4.42122
4.4271
4.43157
4.43463
4.43546
4.43307
4.42783
4.42082
4.41308
4.40514
4.3984
4.39417
4.39431
4.39984
4.41222
4.43277
4.462
4.49582
4.52667
4.55178
4.57337
4.5895
4.59489
4.592
4.62193
4.64845
4.6641
4.64363
4.65435
4.66369
4.67224
4.68024
4.68793
4.69545
4.7029
4.7104
4.71802
4.72522
4.72974
4.73477
4.74137
4.74947
4.75903
4.76856
4.77513
4.78026
4.78288
4.78298
4.7796
4.77194
4.75908
4.74083
4.71501
4.68036
4.63598
4.58161
4.5174
4.4446
4.36456
4.27905
4.1893
4.09749
4.00387
3.90988
3.81522
3.7215
3.62687
3.53292
3.43713
3.342
3.24436
3.14822
3.04958
2.95531
2.86043
2.77552
2.69518
2.19461
2.18508
2.1691
2.14784
2.11895
2.0842
2.04576
2.00836
1.97192
1.94038
1.90688
1.87587
1.83486
1.78914
1.71779
1.65087
1.52399
1.45451
1.71777
2.18749
2.63095
3.00698
3.27792
3.44284
3.53681
3.57569
3.57016
3.5085
3.40172
3.26587
3.12193
2.97705
2.83831
2.70394
2.57639
2.45502
2.34413
2.24097
2.14896
2.06405
1.98789
1.91901
1.85916
1.8042
1.75638
1.71092
1.67151
1.63059
1.59248
1.55366
1.51799
1.48029
1.4412
1.39526
1.34664
1.2952
1.22913
1.13967
1.01411
0.877322
0.79127
0.794044
0.884796
1.07857
0.953035
1.47145
2.74193
3.32501
3.65948
3.78637
3.82894
3.8555
3.89127
3.91801
3.92782
3.92002
3.90686
3.8951
3.88583
3.8764
3.8612
3.84104
3.81866
3.79545
3.78503
3.80924
3.83235
3.85435
3.87574
3.8969
3.91937
3.94297
3.9678
3.9936
4.01925
4.04421
4.06922
4.09434
4.11919
4.14288
4.16439
4.18472
4.20415
4.22304
4.24122
4.25819
4.27357
4.28729
4.2997
4.31154
4.32307
4.33444
4.34548
4.35557
4.36431
4.37134
4.3766
4.38048
4.383
4.38348
4.38111
4.37623
4.3698
4.36284
4.35588
4.35021
4.34702
4.348
4.35401
4.36628
4.38588
4.45377
4.50045
4.54386
4.58316
4.61636
4.64394
4.67549
4.71141
4.74325
4.77166
4.79307
4.8045
4.80687
4.79915
4.78016
4.7481
4.70099
4.62968
4.63608
4.64243
4.6488
4.65462
4.65771
4.6609
4.66532
4.67113
4.67851
4.68626
4.69156
4.69563
4.69753
4.69729
4.69405
4.68715
4.67606
4.66045
4.63838
4.60875
4.57068
4.52383
4.46816
4.40467
4.33452
4.25926
4.18001
4.09861
4.01542
3.93166
3.84702
3.76273
3.67708
3.59115
3.50251
3.41303
3.31963
3.22574
3.12761
3.03178
2.93361
2.84407
2.75754
2.16644
2.15419
2.13627
2.11345
2.08369
2.04864
2.01032
1.9729
1.9363
1.90412
1.86978
1.83783
1.79599
1.74975
1.67748
1.60691
1.47624
1.39352
1.59938
2.00304
2.41323
2.77711
3.05483
3.21188
3.32081
3.38647
3.41513
3.39639
3.33795
3.25084
3.15097
3.04522
2.9408
2.83593
2.73047
2.62525
2.52402
2.42636
2.33485
2.24835
2.16662
2.09193
2.02284
1.96014
1.90119
1.84724
1.79569
1.74606
1.69466
1.64717
1.59783
1.55168
1.4987
1.44337
1.38094
1.32023
1.24282
1.14525
1.01632
0.869947
0.774801
0.761623
0.809295
0.920484
1.14903
0.928659
1.51947
2.83257
3.32034
3.59746
3.72981
3.80609
3.87198
3.9198
3.94618
3.9519
3.94875
3.94437
3.94012
3.93442
3.92284
3.906
3.88643
3.86564
3.84414
3.82189
3.78361
3.804
3.82381
3.84339
3.8641
3.88589
3.90888
3.93286
3.95689
3.98048
4.00414
4.02786
4.05135
4.0738
4.09431
4.1137
4.13216
4.14999
4.16706
4.18296
4.19737
4.21024
4.22189
4.23293
4.24361
4.25406
4.26413
4.27333
4.28129
4.28771
4.29252
4.29605
4.29831
4.29876
4.29673
4.29255
4.28705
4.28116
4.27538
4.27092
4.2688
4.31349
4.35268
4.39642
4.44284
4.48835
4.53112
4.571
4.60724
4.63781
4.66326
4.69227
4.72507
4.75464
4.78284
4.8069
4.82468
4.8372
4.84361
4.843
4.83377
4.81405
4.78152
4.73366
4.66791
4.58195
4.54923
4.55091
4.55229
4.55456
4.55809
4.56331
4.56931
4.57339
4.57649
4.5778
4.57738
4.57446
4.56856
4.55944
4.54662
4.52847
4.50401
4.47241
4.43328
4.38642
4.33254
4.27265
4.2081
4.13982
4.06941
3.99728
3.92447
3.85069
3.77685
3.70136
3.62488
3.54506
3.46313
3.37612
3.28677
3.19161
3.09656
2.99746
2.90526
2.81437
2.12784
2.11428
2.09505
2.07096
2.04039
2.00496
1.96671
1.9293
1.89265
1.85998
1.82505
1.79235
1.75004
1.70396
1.6332
1.56158
1.43092
1.33924
1.49778
1.83731
2.20631
2.54825
2.82292
2.98393
3.09492
3.1739
3.22332
3.23427
3.21242
3.1658
3.10521
3.03634
2.96541
2.89215
2.81524
2.73468
2.65314
2.5715
2.49134
2.41347
2.33636
2.26459
2.19492
2.13116
2.06816
2.0105
1.95251
1.89717
1.83719
1.78218
1.72289
1.66769
1.60367
1.53676
1.46235
1.38815
1.29871
1.18539
1.04479
0.893378
0.781368
0.734526
0.745725
0.805564
0.927412
1.04897
0.9443
1.51824
2.78102
3.19483
3.44859
3.59821
3.71018
3.7902
3.84194
3.86825
3.88108
3.88893
3.89367
3.89505
3.89014
3.87953
3.86547
3.84957
3.83263
3.81478
3.79621
3.77671
3.74051
3.75881
3.77797
3.79804
3.8192
3.8413
3.8636
3.88567
3.90782
3.93002
3.95199
3.97305
3.9924
4.0107
4.02805
4.04472
4.06059
4.07534
4.08872
4.10071
4.11156
4.12179
4.13163
4.14119
4.15037
4.15876
4.16605
4.17198
4.1765
4.17987
4.18208
4.18273
4.18126
4.17798
4.17358
4.1689
4.19906
4.22302
4.25018
4.28109
4.31597
4.35486
4.3961
4.4365
4.47445
4.50992
4.54228
4.56958
4.5923
4.61793
4.64665
4.67297
4.69928
4.72303
4.74356
4.76163
4.77668
4.78817
4.79496
4.79561
4.7882
4.77045
4.73969
4.69307
4.62722
4.53743
4.40803
4.40811
4.40932
4.41232
4.41655
4.4194
4.42153
4.4223
4.42178
4.41928
4.41457
4.4075
4.39756
4.3834
4.36419
4.33917
4.30791
4.27006
4.22608
4.17681
4.12338
4.06656
4.00767
3.94719
3.88597
3.82379
3.76126
3.69696
3.63115
3.56159
3.48892
3.41029
3.32768
3.23789
3.14607
3.04856
2.95593
2.86288
2.08182
2.06469
2.04473
2.01992
1.98887
1.95319
1.91508
1.87779
1.84125
1.80839
1.77326
1.74023
1.69805
1.65268
1.58439
1.51429
1.38778
1.29147
1.41168
1.69329
2.01859
2.33219
2.59412
2.75989
2.86761
2.95059
3.01033
3.03934
3.04211
3.0255
2.99536
2.95705
2.91518
2.87
2.82047
2.76622
2.70859
2.64859
2.5871
2.5254
2.46178
2.40078
2.3397
2.28194
2.22384
2.1683
2.11249
2.056
1.99614
1.93667
1.87569
1.81296
1.74547
1.66772
1.58711
1.49899
1.39923
1.26874
1.11705
0.953663
0.805738
0.719629
0.696675
0.71875
0.784259
0.912181
0.90089
0.922216
1.41162
2.50685
2.98697
3.23174
3.40992
3.53678
3.6252
3.68035
3.71594
3.7414
3.75942
3.77143
3.77613
3.77429
3.768
3.75896
3.74828
3.73635
3.72346
3.70939
3.69475
3.67962
3.66139
3.67997
3.69942
3.71969
3.74022
3.76067
3.78122
3.8018
3.82215
3.84171
3.85981
3.87691
3.8931
3.90856
3.92322
3.93683
3.9492
3.96032
3.9704
3.97988
3.98894
3.99771
4.0061
4.01379
4.02053
4.0261
4.03044
4.03378
4.03609
4.03704
4.03623
4.05881
4.07415
4.09073
4.109
4.12973
4.15321
4.17989
4.20998
4.24351
4.27905
4.31385
4.3465
4.37707
4.40505
4.42866
4.44821
4.46996
4.49425
4.5168
4.53969
4.56124
4.58157
4.60125
4.61996
4.63748
4.65314
4.66601
4.67479
4.67777
4.67283
4.65747
4.62827
4.5794
4.50868
4.41594
4.30209
4.22483
4.22722
4.22882
4.22996
4.23021
4.22961
4.2276
4.22419
4.21918
4.21212
4.20195
4.18799
4.16956
4.14619
4.11746
4.08358
4.04522
4.00326
3.95832
3.91143
3.86311
3.81406
3.76409
3.71358
3.66127
3.60712
3.54903
3.48709
3.41857
3.34472
3.26257
3.17641
3.08308
2.99242
2.89964
2.02333
2.0041
1.98423
1.95954
1.92864
1.89309
1.85536
1.81843
1.78229
1.74963
1.71482
1.68206
1.64075
1.59686
1.53198
1.46497
1.34597
1.24928
1.33908
1.57197
1.85487
2.13649
2.37861
2.54284
2.64654
2.72845
2.79063
2.82757
2.84393
2.84597
2.83712
2.82126
2.80162
2.77849
2.75115
2.71959
2.68427
2.64585
2.60486
2.56211
2.51641
2.47089
2.42435
2.37831
2.33177
2.28463
2.23786
2.18708
2.13444
2.07806
2.02176
1.95963
1.89415
1.81506
1.73236
1.64021
1.53283
1.40123
1.23981
1.04713
0.85943
0.728156
0.666238
0.65589
0.683483
0.750867
0.889379
0.681632
0.785024
1.16404
1.88592
2.71434
2.96451
3.15516
3.29572
3.39062
3.45784
3.50824
3.54509
3.5724
3.59045
3.60029
3.60411
3.60392
3.60113
3.59642
3.59029
3.5826
3.57385
3.56417
3.55465
3.53178
3.54986
3.56852
3.58739
3.60623
3.62516
3.64409
3.66279
3.68081
3.6976
3.71348
3.7285
3.74281
3.75633
3.76889
3.78034
3.79069
3.80013
3.80898
3.81743
3.82556
3.83332
3.84045
3.84675
3.85206
3.85632
3.85969
3.88241
3.89524
3.90778
3.92047
3.93356
3.94762
3.96307
3.98053
4.00027
4.02265
4.04787
4.07596
4.10569
4.13473
4.16189
4.18731
4.21062
4.2302
4.24625
4.26386
4.28367
4.30231
4.3207
4.33882
4.35691
4.37532
4.39396
4.41281
4.43153
4.44965
4.46638
4.48065
4.49106
4.49581
4.49213
4.47428
4.43932
4.3866
4.31642
4.22931
4.12348
4.00165
4.00181
4.00155
4.0009
3.99948
3.99739
3.9944
3.99017
3.98391
3.97509
3.96314
3.94757
3.92791
3.90418
3.87684
3.84658
3.81379
3.77926
3.7435
3.70704
3.66974
3.63178
3.59208
3.55034
3.50463
3.45458
3.3976
3.33425
3.26179
3.18356
3.09692
3.01073
2.92081
1.95069
1.93102
1.9122
1.88867
1.8588
1.82409
1.78722
1.75108
1.71576
1.6838
1.64992
1.61813
1.57851
1.53697
1.4765
1.41402
1.30487
1.21102
1.27822
1.47091
1.71464
1.9631
2.1813
2.3365
2.43576
2.51456
2.57522
2.6142
2.63634
2.64752
2.65068
2.64843
2.64319
2.63512
2.62358
2.60863
2.59048
2.56948
2.54603
2.52041
2.4919
2.46232
2.43141
2.39948
2.36678
2.33209
2.29726
2.25792
2.21608
2.17032
2.12259
2.07012
2.01133
1.94213
1.86383
1.77987
1.68788
1.56476
1.39398
1.17899
0.952381
0.771129
0.663659
0.617015
0.617955
0.653946
0.727328
0.880398
0.522531
0.639955
0.941575
1.39852
2.04612
2.70691
2.90125
3.04308
3.14246
3.21331
3.24792
3.29746
3.33473
3.36066
3.37785
3.3893
3.39669
3.40093
3.40282
3.40252
3.40056
3.39713
3.39312
3.38936
3.36999
3.38755
3.40509
3.42254
3.43996
3.45732
3.47443
3.49093
3.50643
3.52114
3.53508
3.54834
3.56088
3.57257
3.5833
3.5931
3.6021
3.61056
3.61862
3.62634
3.63369
3.64046
3.64648
3.65164
3.68028
3.69256
3.70409
3.71501
3.72561
3.73628
3.74719
3.75881
3.77149
3.78576
3.80184
3.82003
3.8405
3.86324
3.88724
3.91053
3.93213
3.95227
3.97068
3.98598
3.99828
4.01159
4.02689
4.04121
4.05495
4.06898
4.08354
4.09888
4.11503
4.13206
4.14988
4.16828
4.18686
4.20505
4.22204
4.23675
4.2472
4.24833
4.23725
4.21364
4.17803
4.13125
4.07156
3.99251
3.89011
3.76332
3.73694
3.73623
3.73544
3.73443
3.73294
3.73046
3.72658
3.72087
3.71285
3.70201
3.68824
3.67184
3.65325
3.63269
3.61067
3.58766
3.56405
3.53965
3.51455
3.4878
3.45894
3.42621
3.38886
3.3445
3.29303
3.23196
3.16367
3.08602
3.00669
2.92224
1.8625
1.84393
1.82718
1.80592
1.77815
1.74525
1.70997
1.67527
1.64136
1.6107
1.57846
1.54839
1.51136
1.47307
1.41797
1.36128
1.26397
1.17589
1.22703
1.38622
1.59428
1.81
2.00243
2.14337
2.23724
2.3114
2.36877
2.40704
2.43088
2.44572
2.45466
2.4591
2.46145
2.46179
2.45957
2.45482
2.44769
2.43835
2.42716
2.41409
2.39869
2.38203
2.36404
2.3448
2.32444
2.30224
2.27903
2.25238
2.22245
2.18973
2.15352
2.11404
2.06739
2.02707
1.9704
1.90437
1.81968
1.70948
1.55331
1.33898
1.08778
0.857866
0.698893
0.620164
0.589903
0.594116
0.624225
0.68847
0.825999
0.438619
0.448331
0.667791
0.946945
1.35914
1.88441
2.56603
2.71339
2.83076
2.91987
2.98982
3.0438
3.08032
3.10157
3.11157
3.1331
3.14942
3.16151
3.17018
3.17633
3.18043
3.1832
3.18531
3.18704
3.17497
3.19199
3.20856
3.22484
3.24087
3.25656
3.27169
3.28601
3.29965
3.31265
3.32508
3.33689
3.34799
3.35832
3.36789
3.3768
3.38522
3.39324
3.40091
3.40815
3.41483
3.44405
3.45575
3.46695
3.47754
3.48736
3.49654
3.50534
3.51408
3.52289
3.53215
3.54216
3.55335
3.5659
3.58004
3.5959
3.61345
3.63183
3.64941
3.66543
3.68021
3.69358
3.70438
3.71274
3.74661
3.76605
3.7806
3.79256
3.80278
3.81115
3.81737
3.82085
3.80856
3.82313
3.83881
3.85542
3.87273
3.89033
3.90768
3.92346
3.93339
3.93488
3.92827
3.91478
3.89607
3.8714
3.83418
3.77907
3.70333
3.60507
3.48332
3.4413
3.44223
3.4434
3.44452
3.44532
3.44548
3.44456
3.44209
3.43785
3.432
3.42476
3.41618
3.40653
3.39618
3.38536
3.37385
3.36162
3.34787
3.33201
3.31248
3.28827
3.25713
3.21849
3.17006
3.11335
3.04663
2.97633
2.89978
1.7574
1.74148
1.7278
1.70987
1.68533
1.65535
1.62261
1.5902
1.55847
1.52985
1.50002
1.47248
1.43893
1.40478
1.35597
1.30606
1.22227
1.14244
1.18268
1.3133
1.48884
1.67319
1.83958
1.96381
2.05018
2.11826
2.17154
2.20813
2.2321
2.2482
2.25929
2.26668
2.27239
2.27658
2.27885
2.27928
2.27799
2.27512
2.27099
2.26553
2.25831
2.25017
2.24087
2.23065
2.21928
2.20657
2.19263
2.17623
2.15691
2.13538
2.12499
2.10675
2.08051
2.04585
2.00203
1.94956
1.88445
1.79869
1.67527
1.49308
1.2507
0.990563
0.792907
0.663093
0.590663
0.560326
0.559332
0.581056
0.62869
0.733548
0.552834
0.331853
0.39897
0.605035
0.84239
1.16276
1.49643
1.90206
2.4384
2.54537
2.63607
2.70555
2.75554
2.79414
2.82448
2.83237
2.85882
2.87921
2.8956
2.90925
2.92109
2.93143
2.94024
2.94776
2.9441
2.961
2.97697
2.99223
3.00691
3.02096
3.03432
3.04711
3.05941
3.07129
3.08272
3.09365
3.10404
3.11387
3.12319
3.1321
3.14062
3.14872
3.17598
3.18797
3.19922
3.2098
3.21977
3.22903
3.23744
3.24512
3.25231
3.25927
3.26611
3.27312
3.28057
3.28879
3.29793
3.30814
3.31951
3.35291
3.37147
3.38727
3.40137
3.41458
3.42595
3.43501
3.44531
3.45922
3.47274
3.48266
3.49098
3.49889
3.5064
3.51338
3.51951
3.52435
3.52723
3.52725
3.52328
3.50043
3.51531
3.53097
3.54656
3.5584
3.56427
3.56507
3.56274
3.55981
3.55679
3.54796
3.52804
3.49422
3.4435
3.37313
3.2813
3.16736
3.1267
3.13121
3.13633
3.14188
3.14743
3.1526
3.15716
3.16111
3.16452
3.16729
3.16949
3.17133
3.17287
3.17386
3.17415
3.17306
3.16995
3.16342
3.15231
3.13455
3.10917
3.0741
3.03006
2.97574
2.91624
2.84968
1.63401
1.62257
1.61308
1.59948
1.57921
1.55324
1.52409
1.4949
1.46622
1.44045
1.41389
1.38969
1.36051
1.33131
1.28966
1.24737
1.17806
1.13286
1.13973
1.2468
1.39323
1.54826
1.68939
1.79646
1.87317
1.93448
1.98283
2.01703
2.04041
2.05688
2.06882
2.07768
2.08475
2.09039
2.09445
2.09705
2.09831
2.09843
2.09767
2.09603
2.09309
2.08957
2.08517
2.08017
2.07428
2.06743
2.0596
2.04998
2.06098
2.05682
2.0472
2.03269
2.01279
1.98712
1.95536
1.91741
1.87098
1.81159
1.7259
1.59485
1.39983
1.16312
0.932645
0.751834
0.6316
0.562148
0.534573
0.529343
0.543007
0.575315
0.633422
0.750574
0.52414
0.335972
0.333648
0.479254
0.665166
0.866963
1.08564
1.38273
1.69924
2.0625
2.3002
2.36481
2.42205
2.46982
2.50499
2.5295
2.54411
2.56983
2.59406
2.61673
2.63686
2.65385
2.66768
2.67257
2.68999
2.70574
2.72028
2.73388
2.74674
2.75908
2.77105
2.7828
2.79435
2.80568
2.81676
2.82756
2.83805
2.84821
2.85798
2.88578
2.89846
2.91031
2.92129
2.93146
2.94082
2.94928
2.95674
2.96332
2.96923
2.97469
2.97979
2.98477
2.98984
2.99525
3.02094
3.03484
3.04904
3.06283
3.0748
3.08423
3.09207
3.09913
3.10474
3.10857
3.11318
3.12095
3.12873
3.13389
3.13814
3.14272
3.14768
3.15301
3.15857
3.16412
3.16933
3.17371
3.17661
3.17717
3.17429
3.16659
3.13702
3.14711
3.15263
3.1549
3.15639
3.16031
3.16811
3.17511
3.17683
3.17107
3.15516
3.12619
3.08135
3.01818
2.93499
2.8313
2.8071
2.81744
2.82866
2.84054
2.8528
2.86541
2.87831
2.89134
2.90437
2.91745
2.93047
2.9431
2.95511
2.9659
2.97484
2.98066
2.98212
2.97733
2.96508
2.94348
2.91263
2.87152
2.82404
2.76905
1.49177
1.48696
1.48305
1.4748
1.45974
1.43866
1.414
1.38884
1.36403
1.34187
1.31936
1.29924
1.27524
1.25168
1.21796
1.18399
1.1612
1.1419
1.11907
1.18325
1.3035
1.43142
1.54871
1.63908
1.70524
1.75912
1.80182
1.83287
1.85498
1.87119
1.88341
1.89283
1.90062
1.90693
1.91177
1.9153
1.91765
1.91907
1.91979
1.91985
1.91893
1.9176
1.91562
1.91324
1.91023
1.92278
1.92931
1.93217
1.93155
1.9271
1.91886
1.90732
1.89222
1.87359
1.85091
1.82425
1.79236
1.75336
1.69897
1.61631
1.494
1.31488
1.0964
0.886218
0.728071
0.619355
0.552131
0.515647
0.501113
0.503712
0.519856
0.550187
0.600579
0.698346
0.735478
0.401011
0.331228
0.338588
0.438381
0.589255
0.774481
0.954648
1.12292
1.33614
1.60246
1.88993
2.0671
2.10953
2.14205
2.16231
2.19839
2.23461
2.26899
2.29898
2.3233
2.33339
2.35451
2.37246
2.38813
2.40222
2.41532
2.42787
2.44018
2.45248
2.46486
2.47739
2.49005
2.50278
2.51545
2.52792
2.55542
2.57012
2.58396
2.59681
2.6086
2.61933
2.62898
2.63747
2.64472
2.65085
2.65606
2.66054
2.66436
2.66771
2.68946
2.6981
2.70673
2.71528
2.7236
2.73115
2.73686
2.74028
2.74225
2.74359
2.74389
2.74289
2.74278
2.7454
2.7627
2.76537
2.76666
2.76756
2.76796
2.7559
2.75945
2.76365
2.76835
2.77333
2.77831
2.78284
2.7863
2.78787
2.78605
2.77645
2.75591
2.72314
2.7248
2.73067
2.74266
2.75685
2.76957
2.77941
2.78462
2.78303
2.77217
2.74936
2.71193
2.65762
2.58491
2.48191
2.49782
2.51519
2.53379
2.55359
2.57443
2.59618
2.61849
2.64129
2.66436
2.68723
2.70963
2.73102
2.7508
2.7678
2.78077
2.78799
2.78812
2.77946
2.76162
2.73384
2.69893
2.6564
1.33309
1.33696
1.3405
1.33896
1.32988
1.31408
1.2942
1.27334
1.25274
1.23458
1.21663
1.2011
1.1828
1.1653
1.13986
1.15166
1.15328
1.12272
1.09346
1.11912
1.21608
1.31949
1.4149
1.48951
1.54521
1.59114
1.62798
1.65531
1.67542
1.69069
1.70257
1.712
1.71995
1.72654
1.7318
1.73585
1.73884
1.74099
1.74252
1.74349
1.74364
1.74344
1.74273
1.7611
1.76933
1.77494
1.77794
1.77834
1.77637
1.77175
1.76455
1.75515
1.74349
1.72965
1.71325
1.69418
1.67215
1.64641
1.61271
1.56394
1.5025
1.39199
1.23084
1.04733
0.868677
0.72171
0.614845
0.547516
0.505119
0.482434
0.474418
0.478008
0.491611
0.515503
0.551259
0.608431
0.709442
0.839799
0.471018
0.354237
0.345472
0.36916
0.429909
0.533185
0.679192
0.849728
1.02144
1.17526
1.29325
1.41265
1.5389
1.7114
1.84198
1.88774
1.92564
1.94651
1.97425
1.99692
2.01571
2.03179
2.04623
2.05982
2.07309
2.08638
2.09992
2.11391
2.1284
2.14333
2.1585
2.18526
2.20254
2.21914
2.23478
2.24931
2.26259
2.27456
2.28519
2.29438
2.30209
2.30844
2.31359
2.31772
2.33596
2.34215
2.34787
2.35313
2.35787
2.36202
2.36549
2.36793
2.36862
2.38011
2.37912
2.37739
2.37508
2.37352
2.37421
2.37636
2.37789
2.3779
2.3774
2.37728
2.37749
2.37793
2.37838
2.37856
2.37804
2.37632
2.36374
2.3692
2.37486
2.38028
2.38438
2.38347
2.37499
2.36007
2.34105
2.32059
2.31853
2.33492
2.35191
2.36873
2.38444
2.39774
2.40698
2.41013
2.40482
2.3885
2.35865
2.31314
2.2505
2.18863
2.21163
2.23675
2.26355
2.29202
2.32159
2.35207
2.38319
2.41431
2.44516
2.4753
2.50416
2.53064
2.55349
2.57118
2.58235
2.58543
2.57972
2.56465
2.5421
2.51214
0.91858
1.11284
1.19954
1.20654
1.20267
1.19012
1.17289
1.15464
1.13697
1.12223
1.1086
1.09754
1.08481
1.07291
1.09413
1.12247
1.11173
1.07848
1.04905
1.05141
1.12826
1.21014
1.28589
1.34587
1.39152
1.42953
1.46062
1.48414
1.50192
1.51577
1.52681
1.53576
1.54343
1.54995
1.55529
1.55959
1.56297
1.56561
1.56771
1.56932
1.57895
1.59016
1.59899
1.6058
1.6105
1.61326
1.61415
1.61323
1.6107
1.60632
1.6002
1.59259
1.58353
1.57309
1.56098
1.54705
1.53138
1.51384
1.49232
1.47292
1.43837
1.38006
1.29221
1.16667
1.01227
0.862281
0.731785
0.62914
0.554587
0.503562
0.471119
0.455035
0.447385
0.448536
0.45504
0.47076
0.493042
0.522295
0.564478
0.633177
0.738283
0.857804
0.566107
0.415531
0.359028
0.36397
0.399949
0.446171
0.494566
0.565091
0.658142
0.760983
0.879862
1.00884
1.16092
1.32058
1.50201
1.58772
1.61141
1.63105
1.64828
1.66427
1.67968
1.69479
1.70991
1.72551
1.7419
1.75911
1.77688
1.80461
1.82416
1.84307
1.86099
1.8777
1.89302
1.90686
1.91911
1.92971
1.9386
1.9459
1.96303
1.97001
1.97593
1.98086
1.98487
1.98796
1.99007
2.00382
2.00625
2.00677
2.00511
2.00169
1.99771
1.99379
1.98986
1.98675
1.98552
1.98559
1.98533
1.98414
1.98295
1.98247
1.98266
1.98344
1.98482
1.98666
1.98877
1.99088
1.99267
1.99367
1.99324
1.99057
1.98691
1.98994
1.98775
1.98186
1.9748
1.96933
1.96623
1.96091
1.95686
1.97585
1.99558
2.01541
2.03442
2.05135
2.0646
2.07221
2.07187
2.06112
2.03758
1.99937
1.94572
1.92983
1.95953
1.99157
2.02563
2.06117
2.0978
2.1346
2.17141
2.2079
2.24355
2.27723
2.3078
2.33384
2.35409
2.36709
2.37196
2.36822
2.35709
2.33899
0.276783
0.381718
0.501308
0.626142
0.735159
0.825155
0.893422
0.950433
1.00685
1.01489
1.00491
0.997343
0.988193
1.01586
1.05198
1.0605
1.04393
1.01411
0.988443
0.978649
1.03868
1.10184
1.15985
1.2061
1.14996
1.10751
1.0842
1.0842
1.09106
1.09843
1.10638
1.11525
1.12557
1.1367
1.1498
1.16446
1.18157
1.20125
1.23702
1.27849
1.3215
1.36516
1.40926
1.44459
1.44708
1.44818
1.44795
1.44648
1.44393
1.44011
1.43511
1.42909
1.42214
1.41429
1.40531
1.39504
1.38369
1.37137
1.35709
1.35033
1.33227
1.30339
1.26682
1.19887
1.10559
0.988421
0.862971
0.750605
0.653755
0.577036
0.519476
0.477911
0.449382
0.431459
0.421937
0.419255
0.422074
0.429414
0.440855
0.456526
0.47636
0.498183
0.530777
0.577405
0.6432
0.72474
0.804768
0.845011
0.656457
0.533972
0.458985
0.417873
0.404467
0.417026
0.444506
0.481429
0.533913
0.591957
0.653487
0.719982
0.789278
0.861504
0.938159
1.01915
1.10296
1.18657
1.26749
1.34447
1.38824
1.41584
1.43731
1.45815
1.47803
1.4967
1.51396
1.52964
1.54362
1.55579
1.57406
1.584
1.59251
1.59971
1.60566
1.61033
1.62194
1.62612
1.62898
1.63025
1.62978
1.62783
1.62466
1.62099
1.61745
1.61425
1.61983
1.61931
1.61984
1.62095
1.62175
1.62178
1.62186
1.62242
1.62339
1.62467
1.6261
1.6275
1.62863
1.62295
1.62751
1.63224
1.63682
1.64074
1.64303
1.6403
1.62496
1.62407
1.62372
1.62654
1.63347
1.64087
1.64555
1.64614
1.64239
1.66411
1.68663
1.70929
1.7312
1.75113
1.76746
1.7783
1.78145
1.77465
1.756
1.724
1.67708
1.71003
1.74538
1.78254
1.82098
1.86012
1.89981
1.93982
1.97951
2.01765
2.0532
2.08498
2.11182
2.13236
2.14565
2.15122
2.14983
2.14212
0.0610602
0.107472
0.161286
0.21847
0.272454
0.321782
0.364906
0.405549
0.447253
0.492098
0.548848
0.612843
0.745855
0.936413
0.981008
0.977624
0.960266
0.936586
0.916416
0.901308
0.94644
0.940544
0.8625
0.81094
0.778447
0.759706
0.751841
0.754237
0.764882
0.775563
0.784462
0.792269
0.799187
0.805862
0.812583
0.819987
0.82826
0.854739
0.875111
0.896082
0.917379
0.939104
0.960813
0.983028
1.00568
1.02891
1.05309
1.078
1.10375
1.12995
1.15599
1.18193
1.20732
1.23177
1.24862
1.24148
1.23364
1.22528
1.22351
1.21583
1.20657
1.19896
1.18233
1.15102
1.11023
1.04179
0.961128
0.865798
0.769388
0.685475
0.610636
0.548918
0.499927
0.462592
0.435198
0.415966
0.403381
0.396122
0.393126
0.393675
0.397216
0.401805
0.41105
0.422828
0.437107
0.451675
0.470328
0.491143
0.514682
0.548055
0.587866
0.63881
0.693527
0.74393
0.792138
0.828865
0.861431
0.885819
0.884785
0.815663
0.769046
0.738093
0.718368
0.706886
0.701623
0.702317
0.70888
0.720775
0.73719
0.757439
0.789331
0.816463
0.846209
0.878849
0.914507
0.952888
0.994012
1.03814
1.09814
1.15191
1.21006
1.23566
1.24162
1.25316
1.25731
1.26016
1.26194
1.26947
1.27088
1.27141
1.27119
1.2706
1.27006
1.2698
1.27014
1.27139
1.27337
1.27576
1.27789
1.28621
1.28815
1.29033
1.28643
1.2897
1.29341
1.29749
1.30183
1.30629
1.31066
1.31463
1.31777
1.31793
1.32435
1.32752
1.32641
1.32237
1.31742
1.3148
1.32631
1.33965
1.35242
1.36381
1.37285
1.37839
1.37785
1.40195
1.42684
1.45186
1.47612
1.49841
1.51719
1.5306
1.53665
1.53326
1.51856
1.49106
1.4937
1.52985
1.56683
1.60429
1.64305
1.68317
1.72379
1.76319
1.80057
1.83505
1.86562
1.89088
1.90991
1.92225
1.92836
1.92892
0.0222061
0.0355393
0.0523484
0.0716373
0.0927259
0.113797
0.134942
0.155956
0.179446
0.204335
0.236348
0.287281
0.375214
0.456538
0.536098
0.613183
0.686057
0.725141
0.709382
0.6267
0.597181
0.583345
0.554062
0.544777
0.540064
0.540747
0.545072
0.552212
0.563884
0.579809
0.595618
0.610015
0.622762
0.634859
0.64597
0.666733
0.684036
0.70091
0.71676
0.732398
0.746917
0.761374
0.774907
0.788492
0.801678
0.814877
0.828085
0.841236
0.854037
0.866656
0.87841
0.889658
0.899819
0.918148
0.92656
0.933223
0.937996
0.942993
0.949674
0.962532
0.982338
1.02053
1.04754
1.05756
1.04073
1.00495
0.926776
0.84386
0.75976
0.684113
0.624892
0.570185
0.524409
0.487667
0.459387
0.438864
0.424819
0.408612
0.392788
0.381283
0.373319
0.36672
0.36467
0.364848
0.365174
0.369141
0.374425
0.379286
0.387417
0.395096
0.406328
0.417127
0.431288
0.444518
0.460623
0.475212
0.492651
0.510592
0.529279
0.549167
0.570372
0.592916
0.616653
0.641234
0.666176
0.690957
0.715087
0.738151
0.759812
0.779821
0.797964
0.81871
0.833723
0.847091
0.858947
0.869389
0.878584
0.891231
0.898558
0.904728
0.909992
0.914483
0.923389
0.927625
0.931698
0.940411
0.944889
0.949061
0.952764
0.955896
0.958524
0.96082
0.96302
0.970112
0.973383
0.976981
0.980819
0.984874
0.988703
0.99216
0.995686
0.999503
1.00361
1.00798
1.01258
1.01732
1.02212
1.02679
1.02765
1.0343
1.04088
1.0471
1.05224
1.04901
1.05259
1.05487
1.05748
1.06193
1.06863
1.07299
1.08907
1.10541
1.12145
1.13649
1.14964
1.1598
1.16485
1.19188
1.20674
1.21643
1.25074
1.30133
1.32339
1.33984
1.34832
1.34623
1.33119
1.31556
1.34699
1.37834
1.41308
1.45035
1.48827
1.52498
1.5607
1.59478
1.62609
1.65303
1.67482
1.69106
1.70206
1.70828
0.0417275
0.0654341
0.0516611
0.0486015
0.0501099
0.0531441
0.0585819
0.0652749
0.0753745
0.0869169
0.107795
0.144352
0.185026
0.224264
0.26224
0.300159
0.33827
0.369465
0.370929
0.334447
0.350883
0.369905
0.380076
0.388707
0.39954
0.410626
0.420374
0.42772
0.434509
0.443135
0.45421
0.467002
0.481167
0.496117
0.520927
0.542113
0.563358
0.584195
0.603936
0.623223
0.641137
0.658513
0.674571
0.689948
0.704292
0.717687
0.730251
0.741559
0.751484
0.76788
0.776286
0.782555
0.786552
0.788216
0.78809
0.786416
0.782765
0.777832
0.771246
0.765945
0.763577
0.776463
0.783989
0.79909
0.798737
0.794917
0.764823
0.729764
0.67682
0.630011
0.578002
0.536248
0.496257
0.461602
0.431968
0.406926
0.385848
0.368462
0.354433
0.343786
0.33575
0.326038
0.321263
0.317915
0.313309
0.313592
0.314354
0.312513
0.316665
0.314691
0.322117
0.329386
0.33588
0.347659
0.35206
0.35885
0.365976
0.373398
0.381104
0.389106
0.397392
0.405961
0.414798
0.423893
0.43324
0.442828
0.452627
0.462598
0.472698
0.48289
0.49314
0.503418
0.516428
0.526977
0.537486
0.54795
0.558336
0.571511
0.582052
0.592653
0.606515
0.616996
0.627706
0.638058
0.651405
0.661298
0.670575
0.679144
0.690438
0.6975
0.703759
0.709344
0.714474
0.71947
0.724507
0.729498
0.738331
0.74353
0.74846
0.753039
0.757556
0.762172
0.766894
0.771712
0.776588
0.78146
0.783259
0.789162
0.795151
0.8011
0.806835
0.809001
0.816311
0.821865
0.774702
0.704635
0.636751
0.593954
0.567093
0.539298
0.512239
0.481063
0.4647
0.450016
0.436798
0.424825
0.413863
0.403602
0.39504
0.404998
0.420809
0.443684
0.474967
0.516354
0.569647
0.636295
0.717405
0.814125
0.922546
1.173
1.22391
1.25684
1.2874
1.31512
1.34486
1.37528
1.4041
1.42904
1.45012
1.46706
1.48022
1.48935
0.0251941
0.0262561
0.0296812
0.0366326
0.0477067
0.0626359
0.0828436
0.0790458
0.0803724
0.0827548
0.105076
0.124207
0.143384
0.161178
0.176976
0.193328
0.217217
0.230134
0.226462
0.218273
0.240984
0.274898
0.304612
0.326884
0.348776
0.367785
0.382064
0.389776
0.392915
0.393488
0.394253
0.395809
0.402959
0.409996
0.418178
0.42763
0.43862
0.450679
0.464039
0.477955
0.492436
0.507
0.521681
0.536078
0.550396
0.564064
0.573813
0.584353
0.591851
0.598998
0.605692
0.611955
0.617935
0.623764
0.629242
0.634077
0.638762
0.644148
0.646088
0.640268
0.634154
0.638256
0.636201
0.642244
0.6458
0.64106
0.635314
0.615401
0.594318
0.560621
0.528968
0.491251
0.460087
0.428266
0.399952
0.37517
0.353571
0.334901
0.318769
0.305116
0.293516
0.283376
0.271643
0.267844
0.260744
0.253768
0.248725
0.242599
0.23752
0.233982
0.227502
0.225191
0.221651
0.216994
0.211763
0.211028
0.210106
0.208922
0.207443
0.205772
0.203859
0.201812
0.199691
0.197606
0.195591
0.193674
0.191886
0.190254
0.188744
0.187361
0.186086
0.184909
0.183842
0.182872
0.183906
0.183183
0.182445
0.181629
0.182599
0.183995
0.184402
0.183546
0.181085
0.183607
0.18781
0.190385
0.190783
0.193057
0.197639
0.199711
0.201161
0.203243
0.204202
0.204076
0.207448
0.205961
0.206866
0.208125
0.211026
0.211339
0.211882
0.212331
0.212687
0.212925
0.211104
0.211346
0.211505
0.211487
0.211238
0.208574
0.208581
0.208859
0.210228
0.207715
0.202418
0.199841
0.197711
0.197339
0.196931
0.198502
0.199867
0.200883
0.201263
0.200754
0.201506
0.204621
0.207605
0.210286
0.212438
0.213788
0.216775
0.227774
0.241282
0.25789
0.278095
0.30235
0.330159
0.36093
0.394084
0.430557
0.51827
0.652775
0.834496
1.08091
1.1642
1.19012
1.21237
1.22942
1.24591
1.26074
1.27319
1.28227
0.0211075
0.0211099
0.0210939
0.0210809
0.021194
0.0216791
0.0232532
0.0265889
0.0346251
0.0487567
0.073704
0.101812
0.138583
0.177214
0.218083
0.23244
0.233133
0.218366
0.209566
0.211345
0.242856
0.291566
0.292415
0.275743
0.266161
0.258547
0.253075
0.249944
0.24858
0.248353
0.248708
0.24952
0.252688
0.254832
0.257335
0.260516
0.264318
0.268944
0.274317
0.280127
0.28644
0.292964
0.299705
0.306605
0.315394
0.323024
0.330585
0.338247
0.34597
0.353601
0.361057
0.368307
0.375473
0.382639
0.389616
0.396157
0.40277
0.410211
0.419859
0.432843
0.44882
0.470193
0.49033
0.513862
0.536693
0.544272
0.54255
0.536199
0.521556
0.50699
0.482771
0.460328
0.432021
0.407901
0.381234
0.3563
0.333533
0.316491
0.298501
0.28528
0.271103
0.258579
0.248176
0.238007
0.228663
0.221647
0.213047
0.207576
0.200572
0.194698
0.190839
0.184772
0.181893
0.178339
0.174186
0.169648
0.16827
0.166835
0.165307
0.163709
0.161974
0.160113
0.158107
0.155971
0.153732
0.151416
0.149042
0.14663
0.144183
0.141717
0.13924
0.136758
0.134287
0.131835
0.129407
0.127008
0.12591
0.125134
0.124182
0.122799
0.120968
0.118659
0.116994
0.115452
0.113603
0.111487
0.109977
0.108707
0.107172
0.105391
0.10488
0.103571
0.102878
0.102507
0.101806
0.0999921
0.0995297
0.10043
0.100433
0.100013
0.0984716
0.0985194
0.0986637
0.0989001
0.0992224
0.09962
0.100078
0.100575
0.100125
0.10095
0.101838
0.102931
0.104557
0.104094
0.104621
0.105537
0.105776
0.108846
0.112573
0.114592
0.116329
0.117816
0.120754
0.123449
0.125649
0.127043
0.128891
0.131893
0.134179
0.135502
0.135648
0.134509
0.135784
0.140149
0.14571
0.153082
0.16282
0.175459
0.191188
0.210043
0.23059
0.27112
0.326565
0.396046
0.493687
0.631402
0.810429
1.04105
1.06857
1.0815
1.09099
1.09547
0.0178117
0.0178018
0.0177381
0.0175851
0.0173415
0.0170418
0.0167555
0.0165767
0.0175841
0.0196882
0.024267
0.0315542
0.0435928
0.0596129
0.0807712
0.105564
0.135833
0.171175
0.177545
0.167567
0.156009
0.14715
0.137386
0.128818
0.123806
0.119823
0.1169
0.115082
0.11409
0.113633
0.113453
0.114273
0.114812
0.115434
0.116157
0.117362
0.118998
0.121212
0.123956
0.127055
0.130553
0.134299
0.139116
0.143559
0.148162
0.15295
0.157844
0.162952
0.168241
0.173608
0.178998
0.184377
0.189815
0.195363
0.200885
0.206209
0.211715
0.217951
0.22604
0.237047
0.250848
0.268771
0.287068
0.30816
0.329771
0.34972
0.371117
0.391544
0.408775
0.42662
0.44235
0.450094
0.431858
0.408223
0.388063
0.364286
0.341024
0.322398
0.302035
0.283598
0.270657
0.256264
0.240824
0.230029
0.219781
0.210005
0.200512
0.193314
0.18521
0.179443
0.171507
0.16748
0.163211
0.157452
0.154735
0.151693
0.147387
0.146006
0.144677
0.14343
0.14221
0.141027
0.13986
0.138707
0.137562
0.136425
0.135291
0.134165
0.133034
0.131902
0.130767
0.129627
0.128486
0.127347
0.126213
0.126587
0.127008
0.127127
0.126942
0.126477
0.12574
0.126411
0.126676
0.126507
0.125972
0.125094
0.126158
0.125704
0.124901
0.125492
0.124865
0.125289
0.125327
0.125081
0.124461
0.124894
0.125468
0.125788
0.125471
0.125231
0.125751
0.125878
0.12445
0.124878
0.125357
0.125873
0.126403
0.126916
0.126377
0.127142
0.127878
0.128759
0.12947
0.129258
0.129027
0.128507
0.130652
0.134019
0.137775
0.138216
0.140228
0.141893
0.142966
0.143082
0.144953
0.146042
0.145975
0.144334
0.14294
0.141813
0.138977
0.134179
0.127341
0.118512
0.114118
0.109709
0.105947
0.103474
0.102849
0.104401
0.108229
0.114389
0.13185
0.15931
0.194832
0.240604
0.295528
0.362628
0.451914
0.575097
0.725822
0.921584
0.0150278
0.0150196
0.0149654
0.0148344
0.0146235
0.0143567
0.0140715
0.0140856
0.014689
0.0150607
0.0154015
0.0160625
0.0177686
0.0217289
0.027962
0.0364436
0.0489569
0.0669163
0.0701967
0.0666274
0.0619477
0.0588114
0.0554123
0.0523507
0.0505921
0.0491903
0.048155
0.0474969
0.0471202
0.0469267
0.0468256
0.0471715
0.0473271
0.0475151
0.0477406
0.048155
0.048785
0.0497071
0.050895
0.0522656
0.0541338
0.0559397
0.0578798
0.0599395
0.0621103
0.0644052
0.0667902
0.0693154
0.0719666
0.074698
0.0774851
0.0803078
0.0832003
0.0861878
0.0892019
0.0921549
0.0952485
0.0983082
0.102925
0.1099
0.118271
0.129238
0.141137
0.15503
0.169894
0.184549
0.200557
0.216692
0.232747
0.247428
0.262676
0.275864
0.289899
0.303052
0.313763
0.32479
0.332968
0.339697
0.345098
0.323503
0.303465
0.289405
0.273347
0.258263
0.2418
0.229892
0.218704
0.208154
0.197236
0.189154
0.180249
0.173734
0.16742
0.160835
0.156064
0.150628
0.147448
0.143324
0.141608
0.140081
0.138683
0.137414
0.136247
0.135167
0.134165
0.133234
0.132365
0.13156
0.130804
0.130098
0.129437
0.128814
0.128234
0.127695
0.129157
0.129949
0.130553
0.130963
0.131177
0.131217
0.132939
0.133852
0.134494
0.134825
0.136359
0.137086
0.137548
0.13777
0.139573
0.139985
0.141967
0.142866
0.143604
0.144128
0.146792
0.148246
0.149501
0.150561
0.152591
0.153844
0.155036
0.156289
0.15845
0.158319
0.160436
0.162652
0.164944
0.165688
0.168353
0.171095
0.173859
0.175495
0.180436
0.181736
0.181023
0.184033
0.188333
0.194801
0.201869
0.207022
0.211732
0.214539
0.22055
0.226049
0.230589
0.233348
0.239255
0.243786
0.24619
0.243792
0.246435
0.24603
0.241492
0.231753
0.216092
0.19884
0.181859
0.161481
0.139662
0.118666
0.100553
0.0864712
0.0760424
0.0768193
0.0825619
0.0937029
0.111327
0.136901
0.169712
0.211987
0.261029
0.320491
0.0126799
0.0126731
0.0126275
0.012517
0.0123389
0.0121136
0.0118721
0.0123156
0.0126062
0.0126961
0.0126487
0.0125539
0.0127763
0.0132451
0.0140188
0.0154594
0.0188367
0.0246613
0.0259121
0.0250922
0.0235981
0.0229594
0.0222256
0.0215045
0.0211796
0.0209343
0.0207715
0.0206907
0.0206679
0.0206805
0.0208205
0.0209119
0.0210048
0.0211002
0.0212003
0.0213401
0.0215512
0.0218633
0.022269
0.0228803
0.0234574
0.0240881
0.0247743
0.0255131
0.026303
0.0271496
0.0280422
0.0289986
0.0300149
0.0310755
0.0321713
0.0332944
0.034457
0.0358671
0.0369028
0.0381247
0.0392313
0.0407229
0.0426917
0.0454962
0.0494938
0.0545659
0.0603421
0.0672616
0.0749572
0.0829352
0.0918491
0.10119
0.11087
0.120213
0.130173
0.14016
0.149482
0.159474
0.168445
0.178001
0.186196
0.194939
0.202186
0.209963
0.216152
0.221686
0.228495
0.233546
0.237848
0.2414
0.244218
0.245407
0.24728
0.244147
0.230388
0.220524
0.209505
0.201393
0.193705
0.185405
0.177627
0.173136
0.168034
0.165367
0.162962
0.160811
0.158874
0.157129
0.155552
0.154131
0.15285
0.151704
0.150674
0.149756
0.148937
0.148207
0.147563
0.149674
0.150309
0.150828
0.151221
0.151482
0.151607
0.153877
0.154831
0.155585
0.156095
0.158201
0.159012
0.15964
0.160052
0.16235
0.162965
0.165776
0.166827
0.167706
0.170634
0.172582
0.174258
0.175664
0.176913
0.180597
0.182165
0.183326
0.186578
0.18891
0.190932
0.190916
0.193943
0.197126
0.200443
0.201934
0.205758
0.209733
0.213795
0.216742
0.223836
0.225809
0.225967
0.230711
0.23335
0.230254
0.229383
0.228512
0.226618
0.225959
0.22489
0.222437
0.22172
0.220579
0.218865
0.216416
0.215482
0.214051
0.211952
0.208994
0.208328
0.207225
0.205494
0.202924
0.199572
0.199647
0.199404
0.198686
0.197326
0.195233
0.19244
0.181207
0.141248
0.111385
0.0925256
0.0831176
0.0819721
0.0876347
0.100699
0.12161
0.0106985
0.0106929
0.0106545
0.0105614
0.0104112
0.010221
0.0103342
0.0106023
0.0107067
0.0106778
0.0105687
0.0106174
0.0107165
0.0107157
0.0106929
0.010918
0.0112953
0.0122614
0.0126525
0.0124365
0.0119923
0.0121029
0.0121546
0.0121296
0.0122329
0.0123336
0.0124338
0.012532
0.0126248
0.0127107
0.0128601
0.0129565
0.0130431
0.0131219
0.0131948
0.0132645
0.0133426
0.0134364
0.0136305
0.0137658
0.0139114
0.0140655
0.0142296
0.0144045
0.0145914
0.0147926
0.015007
0.0152392
0.0155679
0.0157551
0.0160336
0.0163235
0.016628
0.0170566
0.0173839
0.0176764
0.017959
0.0182277
0.0187895
0.0197348
0.0210223
0.022635
0.0247857
0.0273709
0.0302418
0.0336658
0.0374634
0.0415978
0.0458193
0.0505115
0.0553927
0.0604535
0.0653923
0.0707877
0.076272
0.0814067
0.0868915
0.0918834
0.0972407
0.102016
0.106614
0.110976
0.116179
0.120568
0.124671
0.128466
0.131936
0.135067
0.137853
0.139598
0.141854
0.143768
0.145353
0.146001
0.146543
0.147633
0.148449
0.148444
0.149034
0.148994
0.15014
0.151172
0.152096
0.152921
0.153657
0.154312
0.154894
0.155405
0.155849
0.156229
0.156548
0.157838
0.158593
0.159217
0.15971
0.16007
0.16029
0.161191
0.161523
0.161711
0.161746
0.161615
0.162335
0.162213
0.16195
0.161542
0.161979
0.162407
0.162058
0.16156
0.161799
0.161474
0.161036
0.160493
0.159845
0.160065
0.15956
0.158951
0.15905
0.158597
0.158017
0.157313
0.15574
0.1555
0.15527
0.15504
0.154791
0.153748
0.153516
0.153237
0.152877
0.151815
0.151339
0.149972
0.147172
0.144608
0.141357
0.139713
0.138836
0.137414
0.136815
0.135994
0.134417
0.133704
0.132735
0.130897
0.130148
0.129134
0.127763
0.126144
0.125274
0.124082
0.122458
0.120962
0.120242
0.119195
0.117692
0.115025
0.114789
0.114319
0.113496
0.112189
0.110267
0.107632
0.105307
0.105141
0.104863
0.104569
0.104507
0.10528
0.107902
0.113848
0.00902684
0.00902229
0.00898998
0.00891146
0.00878475
0.00862431
0.00890787
0.00902401
0.00902368
0.00894228
0.00894525
0.00903331
0.00901726
0.00894865
0.00903948
0.00903216
0.00907183
0.0092184
0.00925587
0.00916305
0.00904199
0.00911839
0.00926937
0.00934545
0.00949124
0.00962361
0.00974488
0.0098537
0.00994993
0.0100348
0.0101648
0.0102477
0.0103208
0.010386
0.0104447
0.0104975
0.010546
0.0106558
0.0107118
0.0107643
0.0108135
0.0108595
0.0109027
0.010944
0.0109842
0.0110808
0.011122
0.0111627
0.0112033
0.0112437
0.0112293
0.0112711
0.0113132
0.0114292
0.0114758
0.0115008
0.0115095
0.0115109
0.0115137
0.011636
0.0118904
0.0122439
0.012652
0.0132612
0.0140251
0.0149577
0.0160653
0.0172671
0.0187282
0.0203527
0.0221215
0.0239179
0.0259728
0.0281601
0.0303102
0.0326882
0.034948
0.0374274
0.0397395
0.0422729
0.0445863
0.0468411
0.0494936
0.0518517
0.0541313
0.0563167
0.0583952
0.0603526
0.0621805
0.0638659
0.065405
0.0667947
0.0677186
0.0688703
0.0698818
0.0707529
0.0714866
0.0720887
0.072567
0.072933
0.073189
0.0732295
0.073916
0.0745384
0.075102
0.0756119
0.0760715
0.0764836
0.0768485
0.0771685
0.0780559
0.0785027
0.0788804
0.0791906
0.0794333
0.079608
0.0801747
0.0803491
0.0804483
0.0804724
0.0804156
0.0807653
0.0806698
0.0810076
0.080983
0.0805074
0.0807501
0.0805394
0.0802657
0.0804476
0.0801786
0.0798565
0.0799734
0.0797299
0.0794447
0.0791183
0.0791797
0.0789365
0.0786354
0.0782729
0.077861
0.0770349
0.0768881
0.076753
0.0766253
0.0765
0.0763693
0.0762235
0.0757119
0.0755697
0.0753934
0.0748523
0.0746029
0.0738395
0.0723038
0.0708669
0.0691588
0.0682687
0.0678307
0.0672193
0.0669072
0.0661591
0.0658702
0.0654716
0.0646733
0.064333
0.0638622
0.0629899
0.0626345
0.0621381
0.0614499
0.0607956
0.0603567
0.05973
0.0587278
0.0584497
0.0580162
0.0573654
0.0564285
0.0557966
0.0555166
0.0550466
0.0543231
0.0532894
0.0518996
0.0511198
0.0507779
0.0502895
0.0496324
0.048807
0.0478232
0.0467094
0.00761648
0.00761279
0.00758563
0.00751944
0.00741256
0.00747647
0.00759742
0.00762279
0.00757059
0.00753449
0.0076194
0.00761039
0.00754916
0.00762335
0.00760753
0.00761403
0.00763598
0.00765147
0.00770811
0.00766827
0.00756148
0.00757885
0.00771601
0.00779446
0.00792137
0.00803611
0.00814063
0.00823377
0.0083156
0.00838739
0.00849366
0.00856065
0.00861961
0.00867195
0.00871884
0.00876072
0.00884584
0.00888745
0.00892569
0.00896005
0.00899048
0.0090173
0.00904072
0.00906125
0.00912706
0.00914411
0.00915827
0.00916998
0.00917948
0.00914272
0.00914982
0.00915463
0.00919316
0.00921432
0.00921873
0.00920684
0.00918016
0.00914121
0.00905616
0.00904811
0.00904506
0.0091021
0.0091754
0.00926843
0.00933912
0.00948762
0.00967097
0.00989512
0.0101665
0.0104383
0.010815
0.01125
0.0116908
0.0122557
0.0128835
0.0135022
0.0142375
0.0149453
0.0157686
0.016549
0.0173526
0.0183348
0.0192315
0.020129
0.0210194
0.0218952
0.0227493
0.0235743
0.0243647
0.0251131
0.025816
0.02647
0.0270727
0.0276241
0.0281244
0.028442
0.0288531
0.0292127
0.0295225
0.0297866
0.0300045
0.0301786
0.0301597
0.030289
0.0305585
0.0308036
0.0310256
0.0312257
0.0315994
0.031834
0.0320383
0.0322134
0.0323603
0.03248
0.0325725
0.0328377
0.0329176
0.0329677
0.0329872
0.0329765
0.0331286
0.0332713
0.0332624
0.0332355
0.0331896
0.033124
0.0330381
0.0331207
0.0330316
0.0329225
0.0329866
0.0328897
0.0327783
0.0327841
0.0326948
0.032592
0.0324766
0.0323482
0.0322007
0.0320333
0.03185
0.0316509
0.0316035
0.0315619
0.0315247
0.0314903
0.0314558
0.0314181
0.0312208
0.0311859
0.0311406
0.0309351
0.0308592
0.0305635
0.0299302
0.0293446
0.0286524
0.0283058
0.028159
0.0279534
0.0278566
0.0276182
0.0275269
0.0273864
0.02716
0.0270342
0.0267414
0.0266417
0.0264827
0.0261821
0.0260712
0.0258911
0.0255546
0.0254529
0.025278
0.0250029
0.0247519
0.024622
0.0243988
0.0240536
0.0237604
0.0236455
0.0234415
0.0231239
0.0226705
0.0220631
0.0219294
0.0217327
0.0214639
0.0211217
0.0207082
0.0202317
0.00642651
0.00642355
0.00640075
0.00634498
0.00625483
0.00638769
0.00643321
0.0064094
0.00633644
0.00642533
0.00642502
0.00637384
0.00643195
0.00641646
0.00642494
0.00642815
0.00641125
0.00647096
0.00648223
0.00648795
0.00642849
0.00637609
0.00649332
0.00656571
0.00667232
0.00676854
0.00685605
0.00693385
0.00700205
0.00706174
0.00711334
0.00720119
0.00724862
0.00729069
0.00732831
0.00736185
0.00743244
0.00746444
0.00749379
0.0075201
0.0075433
0.00756367
0.00758141
0.00763593
0.00765019
0.00766202
0.0076716
0.00764144
0.00764882
0.00765453
0.00762025
0.00765986
0.0076866
0.00770082
0.0077028
0.00769276
0.00767135
0.0076397
0.00760358
0.00753556
0.00751528
0.0074933
0.00751175
0.00753217
0.00755457
0.00754151
0.00756961
0.00760076
0.00763584
0.007638
0.00768448
0.00773783
0.00776172
0.00783513
0.00788067
0.00797821
0.00804834
0.00821059
0.00830869
0.00845935
0.008623
0.00879545
0.00897488
0.00916216
0.00935557
0.00955309
0.00975257
0.00995164
0.0101482
0.0103396
0.0105241
0.0106999
0.010814
0.0110206
0.011164
0.0112948
0.0114123
0.0115163
0.0116068
0.0116384
0.0117083
0.0117655
0.0118099
0.0118424
0.0118637
0.0118185
0.011888
0.012035
0.0121141
0.0121835
0.0122433
0.0122938
0.0123354
0.0124323
0.0124687
0.0124965
0.0125151
0.0125241
0.0125233
0.012653
0.0126556
0.0126476
0.0126348
0.012617
0.012594
0.012631
0.0126075
0.0125783
0.0126149
0.0125881
0.0125558
0.0125186
0.0125456
0.0125138
0.0124779
0.0124378
0.0123939
0.012346
0.0122926
0.0122334
0.0121694
0.0121007
0.0121551
0.0121521
0.0121515
0.0121528
0.0121553
0.0121578
0.0121589
0.0121008
0.0121035
0.0121017
0.0120344
0.0119566
0.0117521
0.0115758
0.0113515
0.0112538
0.0111676
0.0111683
0.0111574
0.0110959
0.0110865
0.0110146
0.0110085
0.0109821
0.0109208
0.0109005
0.0108178
0.0108078
0.0107702
0.0106943
0.0106749
0.0106211
0.0105458
0.0105225
0.0104602
0.0103585
0.0103433
0.0102898
0.0101856
0.0100925
0.0100713
0.0100113
0.00990257
0.00973756
0.00960815
0.00957507
0.00951539
0.00942873
0.00931751
0.00918663
0.00672663
0.00672088
0.00669504
0.00663534
0.00671785
0.00671784
0.00670818
0.00672683
0.00669764
0.00673022
0.00671998
0.00669854
0.00675854
0.00690729
0.00700459
0.0070573
0.00703528
0.00700906
0.00697218
0.00697275
0.00702375
0.00711302
0.00721658
0.00728298
0.00737805
0.00746481
0.00754396
0.00761147
0.00766773
0.00771688
0.0077616
0.00780234
0.00783839
0.00787019
0.00789977
0.00792854
0.00795493
0.00797697
0.00799427
0.00800808
0.0080192
0.00802779
0.008034
0.0079991
0.00800671
0.00801244
0.00801613
0.00801755
0.00797965
0.00798484
0.00798755
0.00798741
0.00795201
0.00795622
0.00795691
0.00795374
0.0079461
0.00793296
0.0079129
0.00788839
0.00786241
0.00783441
0.00780488
0.00777454
0.00774377
0.00771284
0.00768186
0.00765094
0.00762039
0.00759047
0.00756151
0.00753374
0.00750724
0.00748214
0.00745867
0.00743713
0.00741777
0.00740081
0.00738639
0.00737467
0.00736571
0.00735899
0.00735435
0.0073523
0.0073529
0.00735602
0.0073615
0.00736912
0.00737863
0.00738971
0.00740208
0.00741545
0.00748424
0.00749946
0.00751492
0.00755548
0.00759423
0.00763097
0.0076655
0.00769778
0.0077275
0.00775459
0.00777888
0.00780033
0.00781891
0.00783465
0.0078475
0.00785745
0.0078644
0.00786837
0.0078693
0.00786724
0.00782476
0.00784398
0.00786037
0.00787388
0.00788432
0.00789161
0.00789564
0.00786503
0.00787209
0.00783757
0.00784656
0.00785356
0.00785853
0.0078614
0.0078621
0.00786058
0.00785674
0.0078505
0.00781696
0.0078258
0.0078321
0.00783566
0.00783631
0.00783395
0.0078284
0.00781952
0.00780725
0.00779159
0.00777229
0.00774906
0.0077217
0.0076718
0.00766467
0.00765766
0.00765082
0.00764425
0.00767673
0.00767194
0.00766765
0.00766396
0.00766087
0.00765989
0.00767138
0.00769525
0.00772634
0.00775614
0.00777418
0.00777971
0.00778553
0.0077921
0.00779586
0.00782601
0.00779936
0.00779254
0.00771087
0.0076496
0.00751579
0.00739989
0.00741179
0.00738481
0.00739922
0.00740605
0.00738545
0.00739179
0.00736904
0.00737501
0.00734743
0.00735521
0.00731393
0.00732984
0.00731883
0.00728043
0.00729342
0.00727629
0.00722085
0.00718803
0.00720393
0.00720463
0.00719248
0.0071722
0.00873267
0.00872336
0.00868836
0.00860984
0.00864738
0.00872428
0.00870678
0.00868267
0.00873071
0.00872176
0.00868637
0.00873658
0.00874464
0.00884624
0.00903659
0.00919938
0.00925985
0.00918275
0.00911315
0.00908021
0.00912886
0.00924054
0.00937461
0.00950527
0.00962461
0.00973428
0.00983465
0.00991935
0.00998897
0.0100501
0.010107
0.0101598
0.0102065
0.0102476
0.0102862
0.0103245
0.0103599
0.0103883
0.0104087
0.0103732
0.0103896
0.0104032
0.010414
0.0104221
0.0104274
0.0104298
0.0104291
0.0103751
0.0103817
0.0103852
0.0103851
0.0103811
0.0103278
0.0103335
0.0103346
0.0103306
0.0103208
0.0103039
0.0102772
0.010244
0.0102088
0.010171
0.0101314
0.0100906
0.0100493
0.0100078
0.00996593
0.00992373
0.00988151
0.00983944
0.00979786
0.00975693
0.00971653
0.00967659
0.00963723
0.00959864
0.009561
0.00952442
0.00948887
0.00945434
0.00942085
0.00938817
0.00935619
0.00932526
0.00929556
0.00926708
0.00923983
0.00921379
0.00918895
0.00916527
0.00914272
0.00912126
0.00918579
0.00916702
0.00914913
0.00916896
0.00918577
0.00919944
0.00920988
0.00921696
0.00922058
0.00922069
0.00921721
0.00921009
0.00919926
0.00918469
0.00916633
0.00914419
0.00911825
0.00906547
0.00908646
0.00910369
0.00911701
0.00912628
0.00913138
0.00913219
0.00908831
0.00910003
0.00910739
0.00906787
0.00908149
0.00909061
0.00909522
0.00909525
0.00909057
0.00905556
0.00902793
0.00904833
0.00906401
0.00907466
0.00907997
0.00907955
0.00907299
0.00905993
0.00904015
0.00901346
0.00896005
0.00895619
0.00895241
0.00894884
0.00894522
0.00898772
0.00898536
0.00898304
0.00898085
0.00897886
0.00897716
0.00897583
0.00897496
0.00897465
0.008975
0.00902166
0.00902651
0.00905223
0.00911533
0.0092069
0.0093065
0.00938516
0.00944254
0.00938513
0.00939066
0.00943309
0.00939226
0.00937395
0.00925147
0.00915009
0.00895758
0.00882486
0.00884071
0.00885206
0.00882387
0.00884266
0.0088528
0.00882707
0.00884618
0.00884988
0.00883114
0.00884737
0.00883859
0.00883036
0.00884481
0.00882429
0.00880821
0.00883845
0.00883287
0.00877984
0.00870495
0.00876113
0.00880058
0.00882318
0.00883194
0.00883274
0.0135064
0.0134844
0.0134242
0.0132984
0.0131042
0.0131855
0.0134153
0.0134828
0.0134458
0.0133591
0.0134053
0.0134866
0.0135237
0.0135417
0.0136459
0.0140869
0.0144128
0.0144059
0.0143062
0.0141653
0.0141708
0.0143253
0.0145295
0.0147283
0.0149103
0.0150778
0.0152333
0.0153704
0.0154778
0.0155631
0.0156472
0.0157289
0.0158014
0.0158652
0.0159207
0.0159756
0.0160352
0.0160862
0.0161205
0.0161443
0.0161616
0.0161726
0.0161777
0.0160958
0.0161134
0.0161273
0.016137
0.0161421
0.0161419
0.0161357
0.0161231
0.0161031
0.0160206
0.0160309
0.016034
0.0160292
0.0160153
0.0159901
0.0159476
0.0158921
0.0158339
0.0157722
0.0157079
0.0156426
0.0155771
0.0155118
0.0154464
0.0153803
0.0153141
0.0152479
0.0151824
0.0151178
0.0151317
0.0150703
0.0150094
0.0149493
0.0148905
0.014833
0.0147768
0.0147218
0.0146682
0.0146171
0.0145683
0.0145953
0.0145488
0.0145026
0.014458
0.0144151
0.0143738
0.0143342
0.0142962
0.0142599
0.0142252
0.014192
0.0142316
0.0142024
0.0141745
0.0142426
0.01424
0.0142221
0.0141889
0.0141404
0.0140306
0.0140099
0.01399
0.0139708
0.0139522
0.0139341
0.0139873
0.0139716
0.0140464
0.0140509
0.0140383
0.0140081
0.0139997
0.0140098
0.0140017
0.0139688
0.0139829
0.0139781
0.0139537
0.0138849
0.013876
0.0139474
0.0139482
0.0139377
0.013941
0.0139219
0.0138375
0.0138337
0.0138305
0.0138277
0.0138251
0.0138224
0.0138197
0.0138885
0.0138877
0.0138869
0.0138865
0.0138866
0.0138867
0.0138865
0.0138862
0.0138859
0.0138855
0.0138853
0.0138853
0.0138856
0.0138863
0.0138873
0.0138889
0.013891
0.0139018
0.0139749
0.0141593
0.0144325
0.0147328
0.0149675
0.0150492
0.0150253
0.0148895
0.0145925
0.0143147
0.0138809
0.0136355
0.0135701
0.0135925
0.0136107
0.0136219
0.0136222
0.0135552
0.0135886
0.0136096
0.0136112
0.0135848
0.0135612
0.0135976
0.013603
0.0135634
0.0134832
0.0135592
0.0135993
0.0135863
0.0135005
0.0133214
0.0132891
0.013401
0.0134915
0.0135567
0.0135966
0.0136157
0.0136233
0.0383615
0.0382017
0.038075
0.0379821
0.0379267
0.0379092
0.0379274
0.0379769
0.0380521
0.0381469
0.0382552
0.0383714
0.0385972
0.0388208
0.0390366
0.0400535
0.0431248
0.0453142
0.0447471
0.0429669
0.0418936
0.0422701
0.0434134
0.0445309
0.0455643
0.0465298
0.047436
0.048262
0.0489808
0.0495197
0.0499204
0.0504431
0.0509197
0.0513546
0.0517484
0.0521014
0.0524706
0.0529268
0.0532717
0.0534971
0.0536905
0.0538528
0.0539876
0.0540967
0.0541825
0.054247
0.0542917
0.0543189
0.0543285
0.0543231
0.054305
0.054276
0.0542371
0.0541883
0.0541299
0.0540649
0.0539935
0.0539094
0.053679
0.0532344
0.0528201
0.0523947
0.0519624
0.0515382
0.0511323
0.0507506
0.050384
0.0500098
0.0496354
0.0492594
0.048886
0.0485225
0.0481676
0.0478166
0.0474691
0.0471267
0.046792
0.0464678
0.0461534
0.0458484
0.0455504
0.0452859
0.0450787
0.0448413
0.0445642
0.044297
0.04404
0.0437931
0.0435569
0.0433312
0.0431166
0.0429126
0.042719
0.0425357
0.0423618
0.0410919
0.0420411
0.0418937
0.0417543
0.0416222
0.041497
0.0413783
0.0412659
0.0411593
0.0410579
0.0409614
0.0408691
0.0407809
0.0406966
0.040616
0.0405388
0.0404648
0.0403938
0.0403255
0.0402598
0.0401967
0.0401362
0.0400785
0.0400236
0.0399714
0.0399222
0.0398764
0.0398344
0.0397963
0.0397627
0.0397429
0.0397299
0.0397191
0.0397106
0.0397041
0.0396993
0.0396953
0.0396912
0.0396868
0.0396824
0.039678
0.0396728
0.0396675
0.0396642
0.0396619
0.0396562
0.0396471
0.0396351
0.0396208
0.0396047
0.0395873
0.0395692
0.0395508
0.0395328
0.0395158
0.0395002
0.039487
0.0395542
0.0405048
0.0433794
0.0454678
0.0454364
0.0430976
0.0406591
0.0393449
0.0393036
0.039324
0.0393442
0.0393616
0.0393724
0.0393715
0.0393523
0.0393138
0.0392744
0.0392355
0.0391975
0.0391606
0.0391251
0.0390913
0.0390596
0.0390303
0.0390037
0.0389801
0.0389599
0.0389436
0.0389314
0.0389237
0.038921
0.0389236
0.0389319
0.0389462
0.0389669
0.0389941
0.039028
0.0390686
0.0391157
0.0391689
)
;

boundaryField
{
    back
    {
        type            empty;
    }
    down
    {
        type            calculated;
        value           nonuniform List<scalar> 
192
(
2.84922e+20
2.84922e+20
2.84921e+20
2.84921e+20
2.84921e+20
2.84921e+20
2.84921e+20
2.84921e+20
2.84922e+20
2.84922e+20
2.84922e+20
2.84923e+20
2.84923e+20
2.84924e+20
2.84925e+20
2.84907e+20
2.84022e+20
2.81457e+20
3.13428e+20
3.19529e+20
3.02865e+20
2.84699e+20
2.73868e+20
2.69518e+20
2.64299e+20
2.57942e+20
2.51918e+20
2.46075e+20
2.40541e+20
2.3554e+20
2.3117e+20
2.27335e+20
2.23928e+20
2.208e+20
2.17895e+20
2.15212e+20
2.12748e+20
2.1045e+20
2.08267e+20
2.06243e+20
2.04353e+20
2.02728e+20
2.01257e+20
1.9996e+20
1.98842e+20
1.97831e+20
1.97051e+20
1.96279e+20
1.95693e+20
1.95346e+20
1.9519e+20
1.9522e+20
1.95293e+20
1.95418e+20
1.95894e+20
1.96769e+20
1.97038e+20
1.9618e+20
1.93913e+20
1.89547e+20
1.82179e+20
1.73107e+20
1.66267e+20
1.61326e+20
1.57955e+20
1.56187e+20
1.56065e+20
1.57155e+20
1.58843e+20
1.61911e+20
1.66013e+20
1.69503e+20
1.72323e+20
1.75518e+20
1.79476e+20
1.84242e+20
1.89431e+20
1.94412e+20
1.9922e+20
2.03877e+20
2.08847e+20
2.13933e+20
2.19087e+20
2.24183e+20
2.29183e+20
2.34069e+20
2.38762e+20
2.43315e+20
2.47596e+20
2.51721e+20
2.5551e+20
2.58997e+20
2.62163e+20
2.64992e+20
2.67516e+20
2.69803e+20
2.71837e+20
2.73625e+20
2.75186e+20
2.76545e+20
2.77745e+20
2.78792e+20
2.797e+20
2.80493e+20
2.81196e+20
2.8183e+20
2.82407e+20
2.82931e+20
2.83393e+20
2.83812e+20
2.84191e+20
2.84543e+20
2.84888e+20
2.85217e+20
2.85524e+20
2.85792e+20
2.85984e+20
2.8611e+20
2.86184e+20
2.86218e+20
2.86122e+20
2.85859e+20
2.85389e+20
2.84765e+20
2.83897e+20
2.82846e+20
2.81551e+20
2.80159e+20
2.78652e+20
2.77151e+20
2.75732e+20
2.74811e+20
2.74641e+20
2.74791e+20
2.74823e+20
2.74946e+20
2.75494e+20
2.75845e+20
2.74507e+20
2.73087e+20
2.73087e+20
2.73087e+20
2.73087e+20
2.73087e+20
2.73087e+20
2.73087e+20
2.73086e+20
2.73086e+20
2.73086e+20
2.73086e+20
2.73086e+20
2.73085e+20
2.73185e+20
2.74022e+20
2.76069e+20
2.78941e+20
2.81915e+20
2.84089e+20
2.84889e+20
2.84925e+20
2.84924e+20
2.84924e+20
2.84924e+20
2.84924e+20
2.84924e+20
2.84924e+20
2.84924e+20
2.84924e+20
2.84923e+20
2.84923e+20
2.84923e+20
2.84923e+20
2.84923e+20
2.84922e+20
2.84922e+20
2.84922e+20
2.84922e+20
2.84922e+20
2.84922e+20
2.84922e+20
2.84922e+20
2.84922e+20
2.84922e+20
2.84922e+20
2.84922e+20
2.84922e+20
2.84922e+20
2.84922e+20
2.84922e+20
2.84922e+20
2.84922e+20
2.84923e+20
)
;
    }
    front
    {
        type            empty;
    }
    inlet
    {
        type            calculated;
        value           nonuniform List<scalar> 
54
(
0.0217198
0.0120207
0.00828926
0.00651716
0.0062153
0.00727232
0.00846964
0.00980434
0.0112617
0.0128115
0.01441
0.015994
0.0175183
0.0188943
0.000203501
0.00545018
0.0439078
0.126459
0.210396
0.261478
0.278063
0.273134
0.257036
0.23521
0.21126
0.187756
0.16796
0.144743
0.125155
0.111835
0.0994327
0.0849129
0.0711078
0.0599154
0.0469664
0.0385353
0.0332901
0.0268432
0.0196874
0.0152885
0.0135636
0.00699692
0.00377707
0.00258888
0.00196655
0.00148114
0.0011684
0.000945754
0.000774894
4.04903e-05
6.51291e-06
3.11459e-06
1.65431e-06
6.79087e-07
)
;
    }
    outlet
    {
        type            calculated;
        value           nonuniform List<scalar> 
54
(
8.40291e-07
4.632e-06
3.46342e-05
0.00014359
0.000399168
0.00083973
0.00146903
0.00229535
0.00334245
0.00464364
0.00624106
0.00818634
0.0105426
0.0133875
0.0168164
0.0209468
0.0259224
0.0319167
0.0391385
0.047854
0.0584026
0.0711895
0.086685
0.105433
0.128051
0.155217
0.187644
0.226033
0.270999
0.322969
0.38203
0.447759
0.51902
0.593767
0.668909
0.740299
0.80294
0.851477
0.880998
0.887999
0.871174
0.833145
0.779616
0.547688
0.21454
0.0899795
0.0966582
0.0430322
0.0190586
0.00879776
0.00686221
0.00821616
0.0116278
0.0195556
)
;
    }
    up
    {
        type            calculated;
        value           nonuniform List<scalar> 
192
(
3.37023e+25
3.36322e+25
3.35655e+25
3.35022e+25
3.34424e+25
3.33858e+25
3.33323e+25
3.32818e+25
3.32341e+25
3.31889e+25
3.31463e+25
3.31059e+25
3.30676e+25
3.30313e+25
3.29968e+25
3.2964e+25
3.29328e+25
3.29031e+25
3.28747e+25
3.28477e+25
3.2822e+25
3.27977e+25
3.27748e+25
3.27533e+25
3.27335e+25
3.27155e+25
3.26996e+25
3.26861e+25
3.26756e+25
3.2669e+25
3.26653e+25
3.26643e+25
3.26815e+25
3.27265e+25
3.27405e+25
3.28864e+25
3.3132e+25
3.33141e+25
3.35146e+25
3.36668e+25
3.36773e+25
3.36763e+25
3.36745e+25
3.36723e+25
3.36698e+25
3.36672e+25
3.36645e+25
3.36617e+25
3.36589e+25
3.36561e+25
3.36532e+25
3.36505e+25
3.36477e+25
3.36449e+25
3.36423e+25
3.36396e+25
3.3637e+25
3.36345e+25
3.3632e+25
3.36296e+25
3.36273e+25
3.3625e+25
3.36227e+25
3.36205e+25
3.36184e+25
3.36163e+25
3.36142e+25
3.36123e+25
3.36103e+25
3.36084e+25
3.36065e+25
3.36047e+25
3.36028e+25
3.3601e+25
3.35993e+25
3.35975e+25
3.35958e+25
3.3594e+25
3.35923e+25
3.35907e+25
3.3589e+25
3.35873e+25
3.35857e+25
3.35841e+25
3.35824e+25
3.35808e+25
3.35792e+25
3.35775e+25
3.35759e+25
3.35742e+25
3.35726e+25
3.35709e+25
3.35693e+25
3.35676e+25
3.35659e+25
3.35641e+25
3.35624e+25
3.35606e+25
3.35588e+25
3.3557e+25
3.35551e+25
3.35532e+25
3.35513e+25
3.35493e+25
3.35473e+25
3.35453e+25
3.35432e+25
3.35411e+25
3.35389e+25
3.35369e+25
3.35346e+25
3.35315e+25
3.35282e+25
3.35248e+25
3.35214e+25
3.35179e+25
3.35144e+25
3.35108e+25
3.35071e+25
3.35034e+25
3.34996e+25
3.34958e+25
3.3492e+25
3.34881e+25
3.34842e+25
3.34802e+25
3.34763e+25
3.34723e+25
3.34683e+25
3.34642e+25
3.34599e+25
3.34556e+25
3.3451e+25
3.34455e+25
3.34383e+25
3.34304e+25
3.34223e+25
3.3414e+25
3.34055e+25
3.3397e+25
3.33886e+25
3.33802e+25
3.33719e+25
3.33637e+25
3.33558e+25
3.33481e+25
3.33408e+25
3.33338e+25
3.33273e+25
3.33212e+25
3.33156e+25
3.33106e+25
3.33063e+25
3.33031e+25
3.33e+25
3.32937e+25
3.32845e+25
3.3275e+25
3.32652e+25
3.32551e+25
3.32445e+25
3.32333e+25
3.32225e+25
3.32161e+25
3.32104e+25
3.32032e+25
3.31938e+25
3.31829e+25
3.31706e+25
3.31563e+25
3.31405e+25
3.31257e+25
3.31672e+25
3.34431e+25
3.38228e+25
3.41372e+25
3.42345e+25
3.42647e+25
3.42847e+25
3.42937e+25
3.42976e+25
3.42982e+25
3.42974e+25
3.42958e+25
3.42938e+25
3.42914e+25
3.42887e+25
3.42855e+25
3.42817e+25
3.42773e+25
3.4272e+25
3.42656e+25
)
;
    }
}


// ************************************************************************* //
