/*--------------------------------*- C++ -*----------------------------------*\
| =========                 |                                                 |
| \\      /  F ield         | OpenFOAM: The Open Source CFD Toolbox           |
|  \\    /   O peration     | Version:  2212                                  |
|   \\  /    A nd           | Website:  www.openfoam.com                      |
|    \\/     M anipulation  |                                                 |
\*---------------------------------------------------------------------------*/
FoamFile
{
    version     2.0;
    format      ascii;
    arch        "LSB;label=32;scalar=64";
    class       volScalarField;
    location    "5000";
    object      k;
}
// * * * * * * * * * * * * * * * * * * * * * * * * * * * * * * * * * * * * * //

dimensions      [0 2 -2 0 0 0 0];

internalField   nonuniform List<scalar> 
10368
(
0.0152918
0.0156977
0.0153542
0.0148996
0.0145889
0.0141972
0.0138246
0.013246
0.0125249
0.0113891
0.0101094
0.00827501
0.00653008
0.00442399
0.00271622
0.0011304
0.000509445
1.17671e-05
4.13056e-05
0.00124225
0.00647775
0.0209622
0.0409876
0.0550978
0.0604651
0.0661026
0.0702839
0.0693663
0.0661085
0.063572
0.0612373
0.0596816
0.0584618
0.05798
0.0568989
0.0561058
0.0547272
0.0538172
0.0522178
0.0510927
0.0490347
0.0475745
0.0455955
0.0440038
0.0418513
0.0399304
0.0375338
0.0350938
0.0316955
0.028619
0.0252456
0.0218956
0.0179546
0.0134016
0.00904109
0.00562231
0.00245724
0.000361414
0.00037044
0.000596466
0.000431876
0.000285851
0.000202053
0.00016249
0.000137036
7.8102e-05
3.82688e-05
2.31793e-05
1.88807e-05
1.87644e-05
1.96537e-05
2.31035e-05
2.77643e-05
3.19472e-05
3.57109e-05
3.93478e-05
4.41315e-05
4.93138e-05
5.58745e-05
6.2425e-05
6.86253e-05
7.50831e-05
8.19913e-05
8.94969e-05
9.73566e-05
0.000105794
0.000114534
0.00012393
0.000133759
0.00014405
0.000155846
0.000168707
0.000183176
0.000199672
0.0002172
0.000235127
0.000254629
0.000275649
0.000299642
0.000324865
0.000350066
0.000376783
0.000404939
0.000435652
0.000468985
0.000504453
0.000541428
0.000579155
0.000617766
0.000658552
0.000701593
0.000747978
0.000797741
0.000849695
0.000903442
0.000957186
0.00101052
0.0010652
0.00112332
0.00118199
0.0012372
0.00128778
0.00133752
0.00138671
0.00143508
0.0014837
0.00153513
0.00159367
0.00165954
0.00173554
0.00183025
0.00196025
0.00212797
0.00229219
0.00241463
0.00255112
0.00271057
0.00276707
0.00272755
0.00278846
0.00296109
0.00306168
0.00315911
0.00324281
0.0033198
0.00338833
0.00344963
0.00350112
0.0035422
0.00356972
0.00358353
0.00357665
0.00354981
0.00350358
0.00344039
0.00335205
0.00322844
0.00305335
0.00282174
0.00253459
0.00219597
0.0018233
0.00143245
0.00105109
0.000707372
0.000431009
0.000270486
0.000517238
0.00095877
0.0016459
0.00258309
0.00372757
0.00499682
0.00630689
0.00755825
0.00869059
0.0096504
0.0104644
0.0110893
0.0115931
0.0119285
0.0122075
0.0123497
0.0124942
0.0125057
0.0125674
0.0124897
0.0124996
0.0123622
0.0123452
0.0121711
0.0121985
0.0136949
0.0146441
0.0142441
0.0137414
0.0133975
0.0129757
0.0126002
0.0120293
0.0113632
0.0103101
0.00919343
0.00758297
0.00614864
0.00439275
0.00303292
0.00169384
0.000926484
0.00035731
0.000805178
0.00241606
0.00532651
0.0109785
0.0218477
0.0354337
0.0469462
0.0570498
0.0651436
0.0694003
0.0703855
0.0696054
0.0677988
0.0662936
0.0647595
0.0640819
0.0628463
0.0620451
0.0605032
0.0595191
0.0576773
0.0564579
0.054268
0.0526775
0.0504477
0.0487491
0.0464186
0.0445064
0.0419938
0.0397585
0.0367333
0.0339726
0.0308626
0.0278107
0.0243348
0.0205785
0.0167236
0.013049
0.00914799
0.00531784
0.00268126
0.00136992
0.000721526
0.000354003
0.000185861
0.000118662
9.53389e-05
6.84808e-05
4.12461e-05
2.69907e-05
2.15897e-05
2.03201e-05
2.0513e-05
2.17488e-05
2.37876e-05
2.60872e-05
2.85008e-05
3.10569e-05
3.4164e-05
3.77095e-05
4.19116e-05
4.65105e-05
5.13951e-05
5.6717e-05
6.25899e-05
6.90873e-05
7.61979e-05
8.39836e-05
9.24561e-05
0.000101702
0.000111787
0.000122702
0.000134752
0.000147956
0.000162442
0.000178399
0.00019572
0.000214107
0.00023376
0.000254698
0.000277534
0.000301927
0.000327269
0.000353798
0.000381644
0.000411185
0.000442608
0.000475914
0.000510853
0.000547206
0.000584888
0.000624379
0.000665919
0.000709951
0.000756792
0.000806226
0.000858121
0.000912055
0.000967647
0.00102548
0.00108652
0.00115065
0.00121636
0.00128303
0.0013514
0.00142277
0.00149704
0.00157507
0.00165763
0.00174719
0.00184448
0.00195072
0.00206866
0.00220516
0.00236548
0.0025365
0.00269813
0.00285742
0.00302852
0.00318629
0.00328643
0.00339262
0.00356147
0.00374824
0.00392003
0.00409205
0.00426454
0.00443874
0.00461638
0.00479723
0.00498204
0.00516959
0.00536082
0.0055538
0.00575008
0.00595793
0.00619861
0.00646904
0.00675236
0.00702059
0.00724909
0.00743944
0.00760648
0.00774896
0.0078683
0.00796946
0.00805838
0.00813541
0.00820591
0.00831772
0.00844622
0.00860097
0.0087857
0.0090016
0.00924219
0.00950161
0.00976215
0.0100237
0.0102675
0.0105112
0.0107069
0.0108955
0.0110049
0.0111274
0.0111609
0.0112323
0.011189
0.011218
0.011103
0.0111015
0.0109294
0.0109086
0.0107059
0.0107384
0.0845477
0.0911142
0.0885472
0.0853457
0.0831543
0.0804766
0.0781183
0.0745435
0.0704203
0.0638914
0.0570438
0.0471453
0.0384368
0.0277307
0.0195102
0.0113056
0.00629969
0.00262201
0.00588796
0.0164871
0.0324028
0.0586563
0.116935
0.200678
0.278241
0.34508
0.398916
0.430633
0.441439
0.43877
0.428462
0.419439
0.40981
0.405541
0.397875
0.393023
0.383437
0.377366
0.36582
0.358255
0.344645
0.334722
0.320698
0.310101
0.295494
0.283666
0.267956
0.254299
0.235879
0.219023
0.199903
0.181157
0.159904
0.137207
0.113541
0.0901657
0.0648222
0.0388342
0.0194009
0.00948852
0.00487384
0.00231505
0.0011612
0.000705943
0.000560074
0.000423581
0.000264402
0.000174921
0.000139482
0.000130194
0.000130667
0.000136165
0.000146321
0.000158907
0.000172774
0.000187824
0.000205736
0.000226461
0.00025059
0.000277657
0.000307199
0.000339696
0.000375785
0.000415853
0.000460072
0.000508665
0.000562011
0.000620374
0.000684472
0.0007542
0.000830734
0.000914663
0.00100637
0.00110679
0.0012162
0.00133306
0.0014576
0.00159003
0.00173334
0.00188685
0.00204737
0.00221507
0.00239097
0.00257668
0.00277353
0.00298202
0.00320098
0.00342957
0.00366703
0.00391555
0.00417681
0.00445293
0.00474623
0.00505635
0.00538272
0.00572412
0.00607816
0.00644725
0.00683646
0.00724783
0.00767445
0.00811294
0.00856495
0.00903953
0.00953638
0.0100606
0.0106153
0.0112142
0.0118623
0.0125657
0.0133356
0.0142052
0.0152108
0.0162988
0.0173611
0.0183913
0.0194846
0.0205877
0.0213663
0.0220845
0.0231473
0.0244173
0.0255799
0.0267585
0.0279476
0.0291581
0.0304014
0.0316784
0.0329955
0.0343468
0.0357393
0.037166
0.0386378
0.0402148
0.0420509
0.0441318
0.046344
0.0484991
0.0504215
0.0521217
0.0537045
0.0551425
0.0564296
0.0575731
0.0585869
0.0594424
0.0601278
0.0606913
0.0611725
0.0615883
0.0619613
0.062345
0.0627783
0.063306
0.0639028
0.0646317
0.0654101
0.0663415
0.067119
0.0679721
0.0684206
0.069025
0.0691207
0.0694926
0.0691622
0.0693101
0.0685485
0.0685267
0.0674098
0.0672752
0.0659714
0.0661809
0.31821
0.341698
0.332315
0.320613
0.31259
0.302776
0.294131
0.281007
0.265853
0.241764
0.216416
0.17954
0.146918
0.10649
0.0752441
0.0438163
0.0244795
0.0102296
0.0229167
0.0636992
0.123549
0.218434
0.424879
0.714701
0.979053
1.20208
1.38032
1.48896
1.53137
1.52831
1.49904
1.47267
1.44341
1.43118
1.40778
1.39344
1.36325
1.34445
1.30722
1.28305
1.23848
1.20589
1.15909
1.12368
1.07426
1.0342
0.980323
0.933496
0.869763
0.810977
0.743602
0.677028
0.60093
0.519022
0.432447
0.345625
0.250288
0.150992
0.0756677
0.0369658
0.0189678
0.00900372
0.00450833
0.00273327
0.002166
0.00164258
0.00102756
0.000679977
0.000541818
0.000505356
0.000506964
0.000527821
0.0005667
0.000615175
0.000668733
0.000726917
0.000796075
0.00087614
0.000969282
0.00107391
0.00118825
0.00131408
0.00145385
0.00160906
0.0017804
0.00196872
0.00217554
0.00240183
0.00265043
0.00292091
0.00321769
0.00354315
0.00389866
0.00428787
0.00471191
0.00516495
0.00564769
0.00616087
0.00671598
0.00731058
0.00793251
0.00858209
0.00926331
0.00998229
0.0107441
0.0115509
0.0123981
0.0132825
0.0142012
0.0151625
0.0161728
0.0172403
0.0183738
0.0195722
0.0208332
0.0221525
0.0235208
0.0249471
0.0264506
0.0280399
0.0296887
0.0313842
0.0331322
0.0349675
0.0368893
0.0389172
0.0410623
0.043377
0.045881
0.048597
0.051566
0.054913
0.0587763
0.0629561
0.0670426
0.0709999
0.0751924
0.0794439
0.0824642
0.0852322
0.0892986
0.0941791
0.0986421
0.103169
0.107736
0.112385
0.11716
0.122066
0.127127
0.132321
0.137673
0.14316
0.148824
0.154893
0.161952
0.169949
0.178454
0.186756
0.194193
0.200804
0.206987
0.212629
0.217701
0.22222
0.226224
0.229586
0.232238
0.234308
0.235963
0.237256
0.238274
0.239243
0.240345
0.241784
0.243506
0.245772
0.248293
0.251449
0.254101
0.257088
0.258623
0.26077
0.261063
0.262396
0.261146
0.261674
0.258844
0.258757
0.254616
0.254117
0.249284
0.250061
0.817665
0.866857
0.845094
0.817936
0.799227
0.776261
0.756
0.72509
0.68924
0.631612
0.570261
0.479237
0.397068
0.292457
0.209473
0.123684
0.0696415
0.0292709
0.06519
0.178047
0.335057
0.560522
1.01674
1.61722
2.14616
2.57804
2.91983
3.13991
3.24398
3.2592
3.222
3.18594
3.14149
3.12676
3.09116
3.07181
3.02206
2.99283
2.92803
2.8873
2.807
2.74821
2.66041
2.59409
2.49865
2.42131
2.31419
2.22122
2.0921
1.97094
1.82877
1.68564
1.51867
1.33529
1.1346
0.924875
0.685474
0.423603
0.215465
0.105681
0.0542796
0.0258035
0.0129279
0.00783305
0.00620303
0.0047072
0.00294786
0.0019507
0.00155346
0.00144825
0.0014525
0.00151189
0.00162295
0.00176165
0.001915
0.00208158
0.00227948
0.00250858
0.00277507
0.00307448
0.00340176
0.00376189
0.00416188
0.00460599
0.00509624
0.00563502
0.00622666
0.00687388
0.00758482
0.00835824
0.00920662
0.0101368
0.0111525
0.0122641
0.0134748
0.014768
0.0161455
0.0176092
0.0191917
0.020886
0.0226575
0.0245068
0.0264452
0.0284898
0.0306547
0.0329458
0.0353502
0.0378587
0.0404628
0.0431854
0.0460447
0.049063
0.0522652
0.0556476
0.0592037
0.0629212
0.0667735
0.0707856
0.0750107
0.0794727
0.0840991
0.0888538
0.0937523
0.0988922
0.104271
0.109942
0.115936
0.122396
0.129374
0.136931
0.145173
0.154434
0.165077
0.176563
0.18779
0.198629
0.210065
0.221707
0.230047
0.237652
0.248662
0.261927
0.274027
0.286291
0.298646
0.311211
0.324104
0.337337
0.35098
0.364977
0.379385
0.394158
0.409407
0.425712
0.444588
0.465897
0.488545
0.510747
0.530843
0.548931
0.566007
0.581741
0.596015
0.608792
0.620069
0.629366
0.636346
0.641176
0.6442
0.645527
0.645487
0.644851
0.644333
0.644657
0.645891
0.648812
0.652788
0.658699
0.663782
0.669986
0.672963
0.677609
0.677967
0.680918
0.677762
0.678922
0.672044
0.671806
0.661792
0.660592
0.648913
0.650791
1.54336
1.61071
1.57577
1.53227
1.50212
1.46498
1.43219
1.38189
1.32331
1.22779
1.12463
0.967246
0.820861
0.625675
0.462869
0.283777
0.163651
0.0701265
0.153792
0.399694
0.702596
1.07029
1.76568
2.63925
3.39331
3.9968
4.47467
4.80027
4.97954
5.03155
5.00743
4.97907
4.93523
4.92855
4.89409
4.88066
4.82563
4.79715
4.72013
4.67483
4.57566
4.5037
4.39033
4.30564
4.17886
4.0771
3.93086
3.80547
3.62746
3.45811
3.25436
3.04605
2.79855
2.52274
2.20884
1.86246
1.44462
0.94598
0.503879
0.25162
0.13
0.0620864
0.031181
0.0188962
0.014955
0.0113571
0.00712277
0.00471477
0.00375291
0.00349724
0.00350662
0.00364918
0.0039165
0.00425083
0.00462061
0.00502221
0.00549907
0.00605093
0.00669276
0.00741377
0.0082018
0.00906866
0.0100311
0.0110993
0.0122779
0.0135726
0.0149936
0.0165472
0.0182527
0.020107
0.0221392
0.0243656
0.0267944
0.0294496
0.0323386
0.0354212
0.0387006
0.0421803
0.0459368
0.0499525
0.0541452
0.0585148
0.0630868
0.0678998
0.0729857
0.0783568
0.0839813
0.0898369
0.0959021
0.102228
0.108855
0.115832
0.123212
0.130987
0.139138
0.147635
0.156418
0.16554
0.175117
0.185202
0.195636
0.206337
0.217338
0.228855
0.240881
0.253531
0.266866
0.281187
0.296598
0.313208
0.331218
0.351307
0.374088
0.398563
0.422432
0.445315
0.469235
0.493745
0.511618
0.527779
0.550395
0.577833
0.602731
0.627908
0.653196
0.678845
0.705099
0.731998
0.759681
0.78805
0.817204
0.847116
0.877983
0.910784
0.948294
0.990292
1.03488
1.07905
1.11999
1.15783
1.19425
1.22848
1.2601
1.28867
1.31361
1.33327
1.34615
1.35191
1.351
1.344
1.33247
1.31889
1.30552
1.29427
1.28582
1.2818
1.28126
1.28548
1.2897
1.29691
1.29962
1.30578
1.30529
1.30946
1.30369
1.3053
1.29355
1.29306
1.27611
1.2741
1.25438
1.25754
2.32098
2.39438
2.34947
2.29396
2.25532
2.20762
2.16561
2.10092
2.02558
1.90135
1.76613
1.55516
1.35474
1.07613
0.832466
0.543543
0.329722
0.148646
0.314134
0.737929
1.18184
1.63663
2.47507
3.53022
4.43731
5.15878
5.73545
6.14939
6.4056
6.50242
6.50313
6.49228
6.45845
6.46481
6.43933
6.43773
6.38713
6.36649
6.28984
6.24932
6.14672
6.07372
5.95081
5.86101
5.7202
5.6095
5.44348
5.30456
5.10291
4.90978
4.67186
4.42732
4.13368
3.80635
3.42303
2.98144
2.42896
1.71717
0.995264
0.522542
0.27531
0.133218
0.0673764
0.0409167
0.0323774
0.0246237
0.0154835
0.0102595
0.00816487
0.00760545
0.0076236
0.00793116
0.00850942
0.00923369
0.010035
0.0109048
0.0119367
0.01313
0.0145169
0.0160739
0.0177745
0.0196434
0.0217161
0.0240137
0.0265456
0.0293227
0.032366
0.0356874
0.0393269
0.043276
0.047594
0.0523129
0.0574471
0.0630428
0.0691127
0.0755689
0.0824134
0.0896481
0.0974264
0.105707
0.114318
0.123252
0.132556
0.142301
0.152546
0.163307
0.174517
0.186125
0.198083
0.210483
0.223397
0.236907
0.251109
0.265977
0.28147
0.297528
0.314033
0.331075
0.348861
0.367488
0.386672
0.406271
0.426339
0.447257
0.469019
0.49181
0.515731
0.541258
0.568551
0.597732
0.629073
0.663659
0.701833
0.74276
0.78251
0.820255
0.859182
0.899436
0.929619
0.956816
0.992828
1.0369
1.07669
1.11683
1.15702
1.19769
1.23922
1.28172
1.32539
1.37012
1.41609
1.46334
1.51212
1.56352
1.62134
1.68544
1.75357
1.8222
1.88789
1.95064
2.01234
2.07153
2.12721
2.17781
2.22123
2.25329
2.27006
2.26993
2.25374
2.22392
2.18501
2.14273
2.10185
2.06577
2.03607
2.01517
2.00198
1.99773
1.99597
2.00008
1.99997
2.00548
2.0031
2.00735
1.99899
2.00057
1.98469
1.9839
1.96125
1.95861
1.93235
1.93655
3.02473
3.09534
3.04371
2.98075
2.93676
2.88241
2.83479
2.76132
2.67608
2.53434
2.37976
2.13455
1.89941
1.56265
1.25958
0.878737
0.570209
0.281772
0.555336
1.14287
1.68521
2.1671
3.03517
4.18569
5.18013
5.97655
6.62417
7.11311
7.45
7.59906
7.63347
7.64672
7.62872
7.65007
7.63786
7.65099
7.61099
7.60225
7.53275
7.50165
7.40462
7.33768
7.21507
7.12841
6.98468
6.87533
6.70262
6.56324
6.35592
6.15735
5.90617
5.64937
5.3385
4.99595
4.58597
4.09634
3.47204
2.62399
1.6639
0.948465
0.522
0.260528
0.134123
0.0820201
0.0649877
0.0495913
0.0313451
0.0208242
0.0165801
0.0154387
0.0154695
0.0160856
0.0172473
0.0187044
0.0203165
0.022064
0.0241331
0.0265217
0.0292928
0.0323972
0.035781
0.03949
0.0435914
0.0481228
0.0530991
0.0585358
0.0644692
0.0709151
0.0779447
0.0855328
0.0937826
0.102744
0.112431
0.122915
0.134207
0.14613
0.158673
0.171822
0.185841
0.20064
0.215901
0.231598
0.2478
0.264617
0.282132
0.300364
0.319184
0.338501
0.358229
0.378504
0.399431
0.421128
0.443733
0.467199
0.491453
0.516406
0.541881
0.568007
0.595089
0.623274
0.652166
0.681573
0.711584
0.742737
0.775047
0.808757
0.844008
0.881405
0.921144
0.963312
1.0082
1.05729
1.10954
1.16589
1.2204
1.27183
1.32418
1.37882
1.42118
1.45972
1.50773
1.56677
1.62005
1.67379
1.72758
1.78199
1.83758
1.89448
1.95297
2.01299
2.07484
2.13863
2.20458
2.27366
2.35025
2.43455
2.52443
2.61641
2.70682
2.79527
2.88334
2.96862
3.04928
3.12231
3.18362
3.22624
3.24363
3.23291
3.19541
3.13558
3.06118
2.98128
2.90352
2.83311
2.77303
2.72676
2.6935
2.67427
2.66148
2.65851
2.65361
2.65657
2.65149
2.65481
2.64406
2.64522
2.62622
2.62517
2.59843
2.59543
2.56461
2.56952
3.61228
3.67405
3.61783
3.55062
3.5035
3.44529
3.39468
3.31652
3.22645
3.07561
2.91143
2.64727
2.39389
2.02265
1.68412
1.24056
0.856767
0.471915
0.849576
1.55582
2.16113
2.643
3.40981
4.59871
5.62731
6.46759
7.16788
7.72146
8.14251
8.35006
8.42461
8.46624
8.46735
8.5039
8.50647
8.53498
8.5085
8.51315
8.45482
8.4354
8.34965
8.29327
8.17753
8.09939
7.96032
7.85947
7.68948
7.55874
7.35942
7.17031
6.92295
6.67056
6.36165
6.02914
5.62468
5.12388
4.47912
3.56877
2.42839
1.49924
0.878857
0.462741
0.246857
0.15355
0.122261
0.0940138
0.0600612
0.0401476
0.0320263
0.0298168
0.0298581
0.0310173
0.0332116
0.0359672
0.039012
0.0423011
0.0461795
0.050638
0.0557874
0.0615273
0.0677496
0.0745274
0.0819708
0.0901333
0.0990262
0.108659
0.119078
0.13029
0.142398
0.155334
0.169248
0.184197
0.200176
0.217267
0.235464
0.254461
0.274216
0.294684
0.316258
0.338774
0.361751
0.385135
0.409021
0.433559
0.458852
0.484925
0.511593
0.538727
0.566212
0.594225
0.622909
0.652415
0.682917
0.714361
0.746656
0.779699
0.813285
0.847579
0.882973
0.919652
0.957172
0.995314
1.03422
1.07454
1.11634
1.15989
1.20539
1.2535
1.30445
1.35828
1.41527
1.47717
1.54085
1.61034
1.67731
1.74046
1.8041
1.87092
1.92437
1.97396
2.03286
2.1049
2.17025
2.23623
2.30241
2.36945
2.43803
2.50836
2.58077
2.65529
2.73233
2.81206
2.89459
2.98068
3.07515
3.1785
3.28884
3.40289
3.51677
3.62953
3.7421
3.85108
3.95371
4.04567
4.12131
4.17151
4.18787
4.16651
4.10866
4.01961
3.90897
3.78835
3.66809
3.55558
3.45602
3.37475
3.31227
3.26973
3.2392
3.22405
3.21208
3.2106
3.20186
3.20325
3.19014
3.19049
3.16908
3.16779
3.1381
3.13495
3.101
3.10637
4.07928
4.1271
4.06757
3.9984
3.9497
3.88958
3.83789
3.75805
3.66702
3.51357
3.34759
3.07715
2.81816
2.42963
2.07438
1.59399
1.15632
0.699244
1.15768
1.95113
2.60083
3.0822
3.6512
4.81816
5.83122
6.68889
7.42812
8.03724
8.54451
8.81662
8.93735
9.01133
9.03441
9.08621
9.10409
9.14777
9.1362
9.15457
9.10953
9.10245
9.03105
8.98767
8.88259
8.81599
8.6859
8.59772
8.4361
8.31899
8.13569
7.96586
7.73368
7.49887
7.20603
6.90342
6.52949
6.04549
5.41747
4.50944
3.23944
2.11644
1.31662
0.739116
0.414973
0.266099
0.214176
0.167209
0.109074
0.0738733
0.0592247
0.0551548
0.0551712
0.0571983
0.0610664
0.0659233
0.0712711
0.0770012
0.083701
0.0913369
0.100079
0.109725
0.120067
0.131199
0.143273
0.156343
0.170395
0.185408
0.201429
0.218431
0.236546
0.255643
0.275915
0.297418
0.32012
0.344107
0.369349
0.395415
0.422241
0.449759
0.478482
0.508175
0.538237
0.568595
0.599369
0.630748
0.662854
0.695723
0.729137
0.762942
0.79702
0.831575
0.866787
0.902836
0.939916
0.977991
1.01696
1.05673
1.09711
1.13828
1.18071
1.2246
1.26951
1.3152
1.36191
1.41033
1.46059
1.51298
1.56777
1.62565
1.68687
1.75146
1.81974
1.89295
1.96725
2.04882
2.12712
2.20122
2.27549
2.35335
2.41721
2.47791
2.548
2.63224
2.70935
2.78727
2.86563
2.9451
3.02649
3.11013
3.19631
3.28527
3.37742
3.47296
3.57188
3.67474
3.78672
3.90851
4.03844
4.17332
4.30901
4.44397
4.57837
4.70783
4.82881
4.936
5.02266
5.07827
5.09324
5.0628
4.98755
4.87246
4.7277
4.56633
4.40087
4.24079
4.09385
3.96789
3.86579
3.78954
3.73204
3.69704
3.67173
3.66144
3.64651
3.64403
3.6278
3.6266
3.60296
3.60134
3.56929
3.56617
3.52994
3.53561
4.44149
4.47169
4.4095
4.33973
4.29038
4.22953
4.17794
4.09831
4.0088
3.85701
3.69434
3.42626
3.17136
2.78018
2.4216
1.92477
1.45019
0.941332
1.46034
2.32587
3.01291
3.49925
3.85455
4.91226
5.85616
6.70188
7.46577
8.12065
8.7129
9.05544
9.22925
9.34051
9.38935
9.45727
9.49118
9.54984
9.55424
9.58643
9.55608
9.5614
9.50604
9.47711
9.38512
9.33179
9.21324
9.14006
8.99023
8.88917
8.72582
8.58133
8.37118
8.16281
7.89408
7.63273
7.30865
6.86698
6.28172
5.43257
4.08549
2.77303
1.79682
1.06834
0.631753
0.420609
0.343806
0.274618
0.185355
0.128601
0.104181
0.0971314
0.0969681
0.10014
0.106321
0.114055
0.122525
0.131468
0.141785
0.153392
0.166518
0.180793
0.195866
0.211844
0.228915
0.247121
0.266416
0.286748
0.308166
0.330612
0.354259
0.378925
0.404862
0.432127
0.460684
0.490619
0.521881
0.55396
0.586787
0.620294
0.655058
0.690793
0.726839
0.76311
0.79973
0.836926
0.874821
0.913462
0.952626
0.992133
1.03189
1.07209
1.11297
1.15471
1.19752
1.2414
1.28626
1.33199
1.37848
1.42587
1.47474
1.52524
1.57704
1.6298
1.68389
1.74001
1.7984
1.85931
1.92315
1.99057
2.06191
2.1372
2.21664
2.30053
2.3864
2.47998
2.56955
2.65472
2.73993
2.82833
2.90244
2.97454
3.05684
3.15318
3.2423
3.33235
3.42303
3.51509
3.60945
3.70649
3.80655
3.91002
4.01728
4.12851
4.2436
4.36294
4.49202
4.63167
4.7803
4.93475
5.09057
5.24565
5.39943
5.54666
5.68314
5.80287
5.89838
5.95818
5.97182
5.93375
5.84366
5.70555
5.52932
5.32866
5.11758
4.90726
4.70792
4.52998
4.37923
4.25907
4.1644
4.09892
4.05079
4.02478
3.9992
3.98977
3.96885
3.96489
3.9387
3.93648
3.90219
3.89923
3.86105
3.86692
4.71989
4.73051
4.66612
4.59654
4.54706
4.48617
4.43541
4.35715
4.27071
4.12331
3.9672
3.70715
3.46284
3.07932
2.72868
2.23144
1.73274
1.18736
1.7549
2.68455
3.40745
3.9039
4.09364
4.94889
5.76857
6.56396
7.33323
8.02081
8.68985
9.10712
9.34186
9.49681
9.57678
9.66303
9.71449
9.78836
9.81007
9.8563
9.84216
9.8599
9.82188
9.80847
9.73159
9.69281
9.58763
9.53088
9.39525
9.31143
9.16947
9.05395
8.86979
8.69387
8.45326
8.23823
7.97409
7.59705
7.0733
6.33444
4.96888
3.47308
2.3025
1.42739
0.880618
0.605917
0.502288
0.411083
0.289405
0.207813
0.171197
0.159973
0.159207
0.163421
0.172064
0.18279
0.194507
0.206666
0.220509
0.235888
0.253112
0.271592
0.29085
0.311019
0.332326
0.354815
0.378422
0.403087
0.428871
0.455715
0.483828
0.513018
0.543595
0.575615
0.609059
0.643998
0.680354
0.717583
0.755611
0.79439
0.83449
0.87558
0.917006
0.958653
1.00063
1.04319
1.08644
1.13043
1.17496
1.21982
1.26495
1.31053
1.35684
1.40407
1.45241
1.50193
1.55253
1.6041
1.65661
1.71016
1.76542
1.82252
1.88119
1.94103
2.00259
2.06647
2.1331
2.20268
2.27576
2.35296
2.43472
2.52103
2.6118
2.7069
2.80562
2.91154
3.01269
3.10938
3.20608
3.30467
3.38922
3.47307
3.56866
3.67718
3.77867
3.8811
3.98425
4.0891
4.19659
4.30708
4.4211
4.53907
4.66134
4.78807
4.91901
5.05445
5.20016
5.35705
5.52357
5.69646
5.87096
6.04448
6.21575
6.37878
6.52884
6.6594
6.76249
6.82583
6.83829
6.79359
6.6904
6.53154
6.32616
6.08805
5.83219
5.57103
5.31695
5.08275
4.87717
4.70517
4.5643
4.45902
4.37766
4.32675
4.28387
4.26253
4.234
4.22531
4.19567
4.19221
4.15542
4.15265
4.11248
4.11852
4.93206
4.92394
4.85802
4.78899
4.73977
4.67927
4.62983
4.55371
4.47138
4.33029
4.18283
3.93478
3.70532
3.33657
3.00247
2.51794
2.00518
1.43528
2.04488
3.03273
3.79181
4.30225
4.39193
4.98554
5.63787
6.33196
7.07894
7.78163
8.50661
8.99767
9.30101
9.50727
9.62549
9.73387
9.80561
9.89552
9.93643
9.99727
10.0012
10.0317
10.0122
10.0153
9.95557
9.93242
9.84239
9.80296
9.68357
9.6177
9.49713
9.41255
9.25636
9.1173
8.90673
8.73969
8.53743
8.24235
7.78836
7.20907
5.89274
4.23232
2.839
1.80552
1.14894
0.80897
0.676231
0.563978
0.413003
0.307516
0.258359
0.242142
0.240111
0.244784
0.255312
0.268268
0.282463
0.297078
0.3136
0.33182
0.35218
0.373841
0.39627
0.419631
0.444191
0.470004
0.496999
0.525127
0.554451
0.584942
0.616811
0.649902
0.684555
0.720828
0.758725
0.798287
0.839382
0.881474
0.924479
0.968374
1.01367
1.05998
1.10672
1.15371
1.20106
1.24901
1.29767
1.34707
1.39703
1.44733
1.49794
1.54904
1.60094
1.65384
1.70793
1.76332
1.81986
1.87751
1.93624
1.99619
2.05805
2.12196
2.18768
2.25482
2.32408
2.396
2.47117
2.54977
2.63248
2.7199
2.81257
2.91034
3.013
3.12045
3.23301
3.35164
3.46477
3.57342
3.68206
3.79062
3.88595
3.98201
4.09174
4.21258
4.32676
4.44171
4.55752
4.67533
4.79598
4.92001
5.04802
5.18042
5.31757
5.45957
5.60603
5.7572
5.91912
6.09272
6.27643
6.46687
6.65896
6.84966
7.0371
7.21464
7.37708
7.51748
7.62743
7.69398
7.70538
7.65465
7.53947
7.36137
7.1286
6.85471
6.55527
6.24371
5.93424
5.64176
5.37783
5.14878
4.95498
4.80213
4.67991
4.59457
4.52615
4.48618
4.44527
4.42857
4.3937
4.38774
4.34783
4.34512
4.30262
4.30882
5.09085
5.06802
5.00148
4.93318
4.88449
4.82472
4.77696
4.70357
4.62608
4.49278
4.35539
4.12234
3.91067
3.56188
3.25035
2.78949
2.27117
1.68691
2.33528
3.37546
4.1709
4.69766
4.73743
5.0712
5.5255
6.06652
6.75162
7.44375
8.1888
8.74497
9.12198
9.38676
9.55146
9.68728
9.7835
9.89105
9.95374
10.0301
10.0545
10.0982
10.0989
10.1191
10.0789
10.0724
9.99957
9.97795
9.87686
9.82949
9.72963
9.6766
9.54901
9.44998
9.27034
9.15156
9.00677
8.80667
8.42209
8.03599
6.85617
5.06796
3.42523
2.20397
1.43162
1.02227
0.856865
0.723062
0.546229
0.419259
0.358452
0.336886
0.333023
0.337515
0.349106
0.363337
0.379008
0.395236
0.413643
0.433865
0.456565
0.480616
0.505523
0.531453
0.558713
0.587356
0.617304
0.648533
0.681082
0.714983
0.750403
0.787268
0.825915
0.866405
0.908756
0.952981
0.998887
1.04596
1.09409
1.14329
1.19398
1.24571
1.298
1.35055
1.40355
1.45719
1.51158
1.56671
1.62241
1.67848
1.73488
1.79184
1.84969
1.90862
1.96885
2.03046
2.09331
2.15738
2.22265
2.28933
2.35811
2.42913
2.50217
2.57693
2.65416
2.7345
2.81858
2.90665
2.99946
3.09766
3.2018
3.31169
3.42709
3.54803
3.67512
3.80679
3.93231
4.05336
4.17415
4.29268
4.39917
4.50808
4.63251
4.76584
4.89296
5.02057
5.14924
5.28013
5.41399
5.55163
5.69363
5.84042
5.99234
6.1494
6.31111
6.47771
6.65553
6.84545
7.04589
7.25326
7.46215
7.66918
7.87196
8.06322
8.23734
8.38704
8.5035
8.57309
8.58349
8.52706
8.40048
8.20408
7.9451
7.6367
7.29483
6.93361
6.56889
6.21744
5.89335
5.60418
5.35301
5.14673
4.97721
4.85063
4.74876
4.68245
4.62304
4.59344
4.55027
4.53957
4.49544
4.49233
4.44688
4.45319
5.2077
5.17467
5.10857
5.04113
4.99323
4.93445
4.88871
4.81852
4.74641
4.6221
4.49577
4.28014
4.08829
3.76362
3.47881
3.05083
2.53472
1.94528
2.63115
3.71705
4.54805
5.09185
5.11011
5.22989
5.47661
5.8292
6.40544
7.04831
7.76358
8.36384
8.81367
9.14218
9.36218
9.53184
9.65806
9.78543
9.87308
9.96591
10.0138
10.0715
10.0943
10.1321
10.1142
10.1249
10.072
10.0683
9.98783
9.95941
9.87968
9.85754
9.7583
9.70108
9.55292
9.4824
9.38636
9.28933
8.97008
8.78649
7.84678
5.99647
4.08604
2.63255
1.72936
1.24358
1.04089
0.883994
0.68354
0.536811
0.465098
0.438015
0.432006
0.435934
0.447974
0.462845
0.479344
0.496655
0.516512
0.538348
0.562996
0.589104
0.616224
0.644521
0.674336
0.705715
0.738567
0.772893
0.8087
0.846086
0.885163
0.92595
0.968764
1.01369
1.06071
1.10984
1.16085
1.2132
1.26678
1.32165
1.37806
1.43562
1.49382
1.55233
1.6114
1.67115
1.7317
1.79301
1.85489
1.91713
1.97975
2.04301
2.10724
2.17265
2.23947
2.30772
2.37727
2.44815
2.52033
2.59412
2.67017
2.74866
2.82934
2.91205
2.99761
3.08677
3.1802
3.27825
3.38173
3.49133
3.60763
3.7304
3.85946
3.99489
4.13703
4.28206
4.42038
4.55427
4.68729
4.81596
4.93403
5.05658
5.19601
5.34206
5.48227
5.62277
5.76449
5.90852
6.05574
6.20706
6.3631
6.52427
6.6909
6.86288
7.03967
7.22153
7.41505
7.62109
7.83796
8.06187
8.28708
8.50993
8.72756
8.93212
9.11758
9.27635
9.39916
9.47172
9.48114
9.41912
9.28142
9.06717
8.78267
8.44061
8.05716
7.64701
7.2274
6.81684
6.43177
6.08075
5.76936
5.50563
5.28374
5.1101
4.96868
4.86938
4.78466
4.73622
4.68048
4.66147
4.61127
4.60669
4.55733
4.56359
5.29365
5.25256
5.18787
5.1215
5.07464
5.01714
4.97368
4.9071
4.84078
4.72653
4.61192
4.41572
4.24507
3.94805
3.69265
3.3055
2.7993
2.21362
2.93734
4.06129
4.92566
5.48555
5.49815
5.45163
5.51261
5.6691
6.09598
6.64029
7.27066
7.87635
8.38538
8.77638
9.05884
9.26889
9.43192
9.58205
9.69871
9.80943
9.88412
9.95688
10.0041
10.0592
10.0667
10.0948
10.0653
10.0789
10.022
10.0126
9.95338
9.96005
9.88884
9.87324
9.75737
9.73502
9.67787
9.68467
9.42899
9.42938
8.82607
7.02487
4.8525
3.10849
2.04733
1.47427
1.22843
1.0465
0.823619
0.657946
0.575537
0.542773
0.534451
0.537657
0.549785
0.564946
0.581978
0.600184
0.621299
0.644733
0.6712
0.699341
0.728643
0.759339
0.791778
0.825994
0.861893
0.899471
0.938738
0.979807
1.0228
1.06778
1.11505
1.16473
1.21675
1.27114
1.32762
1.38566
1.44511
1.50606
1.56864
1.6325
1.69706
1.762
1.82762
1.89399
1.96122
2.0292
2.09774
2.16665
2.23597
2.306
2.37713
2.44951
2.52338
2.59872
2.67541
2.75349
2.83299
2.91429
2.99802
3.08436
3.17303
3.26408
3.35839
3.45686
3.56014
3.66873
3.78348
3.90518
4.03437
4.17084
4.31447
4.46527
4.62287
4.78158
4.93311
5.08027
5.22556
5.36475
5.49487
5.63187
5.78644
5.94545
6.09892
6.25257
6.40752
6.56482
6.72555
6.89067
7.06083
7.23643
7.41776
7.60464
7.79641
7.99346
8.20265
8.42476
8.65797
8.89825
9.13952
9.37794
9.61021
9.82791
10.0246
10.1924
10.3216
10.3971
10.4055
10.3378
10.189
9.95705
9.6473
9.27203
8.84751
8.38889
7.91472
7.44508
6.99859
6.5847
6.2113
5.88737
5.6094
5.38397
5.19765
5.05956
4.94406
4.87042
4.79702
4.76522
4.70609
4.69797
4.64329
4.6491
5.35531
5.30792
5.24538
5.18037
5.13486
5.07891
5.03798
4.97541
4.91519
4.81185
4.70945
4.53431
4.38566
4.1194
3.89498
3.55574
3.06749
2.49501
3.25857
4.41169
5.30557
5.87885
5.89357
5.72111
5.62455
5.61325
5.86374
6.26913
6.77021
7.32513
7.85793
8.29632
8.64151
8.89586
9.10256
9.27864
9.42906
9.55928
9.66474
9.75365
9.8283
9.90013
9.93665
9.9814
9.97952
10.009
9.97927
9.98807
9.95153
9.98309
9.94063
9.96346
9.88207
9.90631
9.88167
9.98223
9.79712
9.93587
9.73476
8.14406
5.7581
3.65849
2.3961
1.71862
1.42173
1.2124
0.967475
0.782989
0.68955
0.650958
0.640179
0.642605
0.654607
0.669865
0.687306
0.70639
0.728752
0.753908
0.782211
0.812475
0.844047
0.877275
0.912499
0.949739
0.988904
1.02996
1.07296
1.11798
1.1652
1.21468
1.26676
1.32157
1.379
1.43905
1.50144
1.5656
1.63139
1.69893
1.76817
1.83885
1.91026
1.98218
2.0549
2.12844
2.2029
2.27811
2.35384
2.42994
2.5065
2.58386
2.66239
2.74226
2.82369
2.90659
2.99087
3.0766
3.16386
3.2531
3.34495
3.43954
3.53664
3.63647
3.74002
3.8483
3.96199
4.08175
4.20846
4.34299
4.48585
4.63684
4.79588
4.96281
5.13616
5.30891
5.47407
5.63487
5.79258
5.94281
6.08552
6.2377
6.40745
6.57971
6.74664
6.91371
7.08209
7.25284
7.42726
7.60636
7.79078
7.98091
8.17702
8.37883
8.58561
8.79793
9.02287
9.26114
9.51077
9.76742
10.0247
10.2786
10.5255
10.7564
10.9645
11.1413
11.2769
11.3554
11.3627
11.2893
11.1292
10.8793
10.5443
10.1358
9.67041
9.16351
8.63489
8.10614
7.5979
7.12044
6.68377
6.29769
5.96091
5.68006
5.44436
5.26227
5.11066
5.00657
4.91038
4.86066
4.78915
4.7742
4.71221
4.71668
5.39728
5.34488
5.28517
5.22194
5.17809
5.12398
5.08585
5.02764
4.97374
4.88202
4.79217
4.63928
4.51295
4.28019
4.08764
3.80255
3.34087
2.79217
3.5994
4.77159
5.68918
6.2713
6.29077
6.02472
5.79698
5.65332
5.73162
5.97613
6.3281
6.77784
7.27646
7.72567
8.11852
8.41305
8.66669
8.87048
9.05894
9.21003
9.35028
9.45649
9.56238
9.64978
9.71945
9.77923
9.81025
9.85301
9.8554
9.87975
9.87068
9.92078
9.91006
9.96393
9.92202
9.98706
9.99712
10.1677
10.0732
10.286
10.5042
9.31393
6.82841
4.32472
2.79241
1.98403
1.62478
1.3847
1.11727
0.913496
0.808322
0.763584
0.750144
0.751739
0.763448
0.778684
0.796485
0.816485
0.840185
0.867188
0.897442
0.929942
0.963921
0.99986
1.03807
1.07856
1.12125
1.16606
1.21308
1.26236
1.31415
1.36851
1.42579
1.48613
1.5494
1.61557
1.68433
1.7551
1.82775
1.9024
1.97889
2.05693
2.13576
2.21525
2.29566
2.37698
2.45928
2.5423
2.62581
2.70969
2.79405
2.87931
2.96581
3.05373
3.14323
3.2342
3.32656
3.4204
3.51588
3.61355
3.71398
3.81729
3.92329
4.0324
4.14575
4.26443
4.38917
4.52075
4.66015
4.80827
4.96557
5.13188
5.3071
5.49073
5.6801
5.86727
6.04651
6.22129
6.39169
6.55363
6.70955
6.87751
7.06244
7.2482
7.4289
7.60968
7.79166
7.97612
8.16448
8.35776
8.55664
8.76148
8.97253
9.18941
9.41132
9.63907
9.87999
10.1347
10.4009
10.6741
10.9474
11.2169
11.4787
11.7229
11.9425
12.1287
12.2707
12.3521
12.3583
12.2789
12.1071
11.839
11.4783
11.0365
10.53
9.97462
9.39141
8.80333
8.23296
7.69128
7.19034
6.74062
6.34293
6.00386
5.71517
5.48465
5.29196
5.15225
5.02846
4.95606
4.86816
4.84226
4.77043
4.77196
5.42391
5.36599
5.30992
5.24893
5.20711
5.1552
5.12009
5.06659
5.01919
4.93956
4.86249
4.73263
4.62844
4.43155
4.27128
4.04597
3.61969
3.10729
3.96405
5.14418
6.07753
6.66187
6.68555
6.35066
6.01525
5.76747
5.6984
5.78548
5.98705
6.30197
6.71077
7.11739
7.51956
7.83522
8.12863
8.35692
8.58407
8.75586
8.9334
9.05755
9.19817
9.29981
9.40654
9.47913
9.54864
9.60139
9.64197
9.67741
9.70345
9.76349
9.79084
9.86338
9.86977
9.96276
10.0212
10.2255
10.2526
10.4747
11.0655
10.4392
8.0638
5.1689
3.26273
2.28209
1.84354
1.56749
1.27595
1.05168
0.933663
0.882197
0.865763
0.86641
0.87766
0.892777
0.910912
0.93188
0.957033
0.986002
1.01835
1.05321
1.08976
1.12861
1.17003
1.21404
1.26052
1.3094
1.36076
1.41466
1.47138
1.531
1.5939
1.66022
1.72979
1.80258
1.87822
1.95613
2.03622
2.11855
2.20289
2.2889
2.37578
2.46348
2.55223
2.64199
2.73276
2.82424
2.91616
3.00843
3.10122
3.19498
3.29004
3.38657
3.4847
3.58426
3.68522
3.78768
3.8919
3.9985
4.10804
4.22059
4.33603
4.45501
4.57877
4.7085
4.84496
4.9891
5.14194
5.30442
5.47691
5.65927
5.85132
6.0521
6.25772
6.45972
6.65349
6.84261
7.02615
7.20057
7.37038
7.55454
7.75466
7.95423
8.14905
8.34384
8.53966
8.73812
8.94071
9.14844
9.36205
9.58184
9.80807
10.0402
10.2775
10.521
10.7782
11.0496
11.3328
11.6228
11.9124
12.1977
12.4745
12.7324
12.9638
13.1595
13.3082
13.3925
13.3973
13.3116
13.1278
12.8408
12.4538
11.9781
11.4299
10.8257
10.1875
9.53962
8.90654
8.29994
7.73377
7.21915
6.75883
6.35928
6.01466
5.73205
5.49397
5.31379
5.15753
5.0576
4.94954
4.90807
4.82351
4.8198
5.43779
5.37317
5.32126
5.26301
5.22364
5.17432
5.14247
5.09402
5.05322
4.98594
4.92178
4.8153
4.7326
4.5736
4.44561
4.28461
3.90293
3.4417
4.35719
5.53248
6.47109
7.04882
7.07405
6.68911
6.26624
5.93622
5.74732
5.69674
5.76141
5.93762
6.22605
6.54691
6.90443
7.2059
7.51314
7.75299
8.00976
8.198
8.41017
8.55131
8.72729
8.84189
8.98733
9.07071
9.18261
9.24226
9.3267
9.36796
9.43802
9.49862
9.57302
9.64883
9.71557
9.81727
9.94579
10.1439
10.3218
10.5137
11.3658
11.4033
9.4261
6.2539
3.85062
2.63042
2.08689
1.76628
1.44725
1.2003
1.06781
1.00865
0.988691
0.988158
0.998747
1.01364
1.03208
1.05406
1.08077
1.11181
1.14642
1.18376
1.22307
1.26504
1.30991
1.3577
1.40827
1.46155
1.51762
1.57652
1.63857
1.70387
1.77285
1.84561
1.92199
2.00193
2.08499
2.17062
2.25876
2.34941
2.44226
2.5369
2.63251
2.72913
2.82691
2.92581
3.02575
3.12636
3.22737
3.32869
3.43057
3.53346
3.6377
3.74344
3.85075
3.95947
4.06958
4.18122
4.29473
4.41083
4.53004
4.65241
4.77793
4.90742
5.04229
5.18378
5.33272
5.49017
5.65722
5.83481
6.02322
6.22228
6.43166
6.64991
6.87198
7.08925
7.29805
7.50192
7.69921
7.88698
8.07144
8.27208
8.48742
8.70115
8.91048
9.11955
9.32956
9.54237
9.75952
9.98204
10.2107
10.4458
10.6875
10.9352
11.1882
11.4478
11.7217
12.0104
12.311
12.6181
12.9242
13.2257
13.5179
13.7898
14.0333
14.2388
14.3942
14.4814
14.4846
14.3922
14.1957
13.8891
13.4751
12.9646
12.3741
11.7202
11.0261
10.3178
9.62119
8.9488
8.31638
7.73564
7.21116
6.74924
6.34625
6.00849
5.72132
5.49636
5.30303
5.17064
5.03825
4.97676
4.87631
4.86446
5.43889
5.36803
5.32002
5.26502
5.22854
5.18227
5.15393
5.11085
5.07671
5.02184
4.97056
4.88737
4.82524
4.7053
4.60962
4.51459
4.18844
3.79605
4.7879
5.93905
6.86971
7.42979
7.45196
7.03159
6.53842
6.14281
5.85962
5.69523
5.64349
5.69496
5.85832
6.07243
6.34685
6.59695
6.87562
7.10298
7.36406
7.55746
7.79026
7.94392
8.14816
8.2744
8.45381
8.54757
8.69977
8.76579
8.89496
8.93923
9.0585
9.11373
9.24168
9.30867
9.44474
9.53824
9.7536
9.92176
10.2533
10.4256
11.3829
12.0813
10.7994
7.61904
4.62888
3.05878
2.36849
1.98889
1.63614
1.36283
1.21347
1.14512
1.1208
1.11869
1.12835
1.14288
1.16157
1.18458
1.21292
1.24613
1.28314
1.32311
1.36536
1.41068
1.45927
1.51112
1.56612
1.62418
1.68534
1.74965
1.81746
1.88889
1.96442
2.04412
2.12785
2.2155
2.30658
2.40056
2.4974
2.59704
2.69911
2.8031
2.90818
3.01446
3.12203
3.23082
3.34066
3.45113
3.56195
3.67304
3.78468
3.89738
4.01143
4.12699
4.2441
4.36258
4.48243
4.60384
4.72726
4.85346
4.98298
5.11584
5.25214
5.39289
5.53963
5.69365
5.85587
6.02744
6.20947
6.4029
6.6079
6.82422
7.05132
7.28723
7.526
7.75901
7.98335
8.20249
8.41429
8.61634
8.81625
9.03353
9.26421
9.49252
9.71677
9.94042
10.165
10.3926
10.6247
10.8624
11.1065
11.3573
11.6149
11.8786
12.1477
12.4238
12.7151
13.0215
13.34
13.6647
13.9877
14.3056
14.6136
14.8999
15.1559
15.3714
15.5336
15.6236
15.6249
15.5253
15.3154
14.9884
14.5463
14
13.3659
12.6613
11.9104
11.1405
10.3794
9.6401
8.94026
8.29213
7.70201
7.17598
6.71251
6.31702
5.97761
5.70411
5.46951
5.29997
5.13889
5.0526
4.93303
4.90969
5.42705
5.35136
5.30651
5.25517
5.22203
5.17932
5.15473
5.11735
5.08986
5.04726
5.00869
4.94828
4.90572
4.82464
4.76143
4.72997
4.47217
4.17061
5.25737
6.36615
7.2746
7.80744
7.81418
7.3701
6.82125
6.37304
6.01713
5.76178
5.61473
5.56278
5.6137
5.72154
5.89716
6.07262
6.28902
6.47749
6.70609
6.88609
7.11063
7.26688
7.47871
7.6139
7.81067
7.91642
8.09494
8.17191
8.33475
8.38686
8.54785
8.60233
8.77743
8.83761
9.03566
9.12254
9.4151
9.56695
10.0071
10.2261
11.1334
12.3684
11.9933
9.2112
5.71848
3.62007
2.71089
2.24709
1.84963
1.54383
1.37401
1.29422
1.26429
1.25995
1.26831
1.28226
1.30112
1.32515
1.35515
1.39059
1.43014
1.47287
1.51828
1.56719
1.61976
1.676
1.73577
1.79899
1.86567
1.93585
2.00987
2.08791
2.1705
2.25767
2.3493
2.44526
2.54499
2.64799
2.75424
2.8636
2.97565
3.08977
3.20513
3.32188
3.44004
3.55951
3.68002
3.80114
3.92252
4.04413
4.16628
4.28947
4.414
4.54003
4.66757
4.79643
4.92667
5.05851
5.19251
5.32948
5.47001
5.61411
5.762
5.91484
6.0743
6.2417
6.41805
6.60455
6.80234
7.01232
7.23451
7.46855
7.71366
7.96739
8.2231
8.47237
8.71283
8.94786
9.17507
9.39244
9.60863
9.84267
10.0889
10.3323
10.5719
10.8105
11.0502
11.293
11.5405
11.7939
12.0539
12.3209
12.5948
12.875
13.1606
13.4539
13.7631
14.0879
14.4249
14.7677
15.108
15.4427
15.7669
16.068
16.3367
16.5624
16.7315
16.8239
16.823
16.7156
16.4914
16.1429
15.6716
15.0882
14.4092
13.6524
12.8432
12.0105
11.1835
10.376
9.60739
8.89047
8.23316
7.64136
7.11548
6.66
6.26563
5.94036
5.66075
5.44977
5.25573
5.13975
4.99753
4.95868
5.40357
5.32314
5.28055
5.23319
5.20381
5.16523
5.14459
5.11319
5.0923
5.06164
5.03547
4.99688
4.97308
4.92901
4.89833
4.92486
4.74545
4.56037
5.73518
6.82409
7.69869
8.19217
8.15791
7.69595
7.10421
6.61433
6.20337
5.87748
5.65395
5.51978
5.47802
5.49314
5.57369
5.66862
5.80694
5.93828
6.1084
6.25449
6.43897
6.58277
6.77017
6.90672
7.09154
7.20928
7.38578
7.48137
7.65006
7.72363
7.89847
7.97146
8.16413
8.24129
8.46487
8.57646
8.89516
9.08575
9.54421
9.9031
10.6673
12.2139
12.8011
10.8728
7.21708
4.40701
3.1545
2.55981
2.09834
1.74971
1.55383
1.45923
1.42182
1.41424
1.42075
1.43382
1.45267
1.47764
1.50928
1.547
1.5892
1.63483
1.6836
1.73636
1.7932
1.85413
1.91905
1.98786
2.06052
2.13706
2.21779
2.30295
2.39311
2.48829
2.58841
2.6933
2.80235
2.91508
3.03149
3.15136
3.27421
3.3993
3.52581
3.65391
3.78351
3.91451
4.04654
4.17912
4.3119
4.44483
4.57824
4.71266
4.84837
4.98555
5.12418
5.26411
5.40544
5.54844
5.69375
5.84226
5.99458
6.15077
6.31114
6.47698
6.65008
6.83178
7.02315
7.22544
7.43977
7.66697
7.90689
8.15906
8.42241
8.69411
8.96708
9.23316
9.4904
9.74208
9.9857
10.2195
10.4528
10.7038
10.9659
11.2248
11.4802
11.7343
11.9896
12.2482
12.5117
12.7814
13.0579
13.3415
13.6324
13.9296
14.2323
14.5434
14.8712
15.2152
15.5713
15.9328
16.2907
16.6426
16.9833
17.2996
17.5814
17.8174
17.9933
18.0878
18.0841
17.9681
17.7286
17.3574
16.8554
16.2333
15.5078
14.6971
13.828
12.9307
12.0361
11.1588
10.3198
9.53245
8.8063
8.14703
7.55685
7.03933
6.58758
6.20772
5.87982
5.62355
5.39252
5.24215
5.07361
5.01451
5.36934
5.28295
5.2416
5.19837
5.17312
5.13926
5.12277
5.09763
5.08319
5.06395
5.04971
5.03158
5.0258
5.01568
5.01704
5.09406
4.99839
4.94808
6.18044
7.3159
8.14886
8.58095
8.48558
7.99809
7.37566
6.85437
6.4031
6.02458
5.74135
5.54293
5.42824
5.36878
5.36835
5.38996
5.45141
5.52002
5.62191
5.72009
5.84657
5.96016
6.10013
6.22252
6.36743
6.488
6.63084
6.74412
6.88383
6.98807
7.1369
7.24865
7.41373
7.53862
7.73264
7.9102
8.18507
8.47167
8.86443
9.41154
10.0499
11.6425
13.0526
12.3091
9.08997
5.57507
3.77578
2.96023
2.39965
1.99012
1.75914
1.6446
1.59683
1.58447
1.58827
1.59996
1.61851
1.64427
1.67744
1.71743
1.76235
1.81101
1.86333
1.92019
1.98159
2.04756
2.11802
2.19288
2.27202
2.35543
2.4434
2.5362
2.63447
2.73821
2.84742
2.96188
3.08097
3.2042
3.33157
3.46278
3.59731
3.73429
3.8729
4.01327
4.15526
4.2987
4.44316
4.58809
4.73314
4.87823
5.02373
5.17016
5.3178
5.46685
5.61732
5.76906
5.92224
6.0772
6.23464
6.39553
6.56052
6.72973
6.90357
7.08344
7.27117
7.46815
7.67549
7.89446
8.1261
8.37116
8.62935
8.90002
9.18184
9.4717
9.76234
10.0459
10.3207
10.5898
10.851
11.1024
11.3537
11.622
11.9003
12.1754
12.447
12.7172
12.9889
13.2639
13.544
13.8305
14.1242
14.4252
14.7336
15.0485
15.369
15.6986
16.0459
16.4098
16.7858
17.1664
17.5424
17.9118
18.2695
18.6011
18.8961
19.1425
19.3249
19.4209
19.4138
19.2883
19.0322
18.6367
18.1023
17.4397
16.6658
15.7991
14.868
13.9042
12.9401
11.9909
11.0795
10.22
9.42309
8.69451
8.03814
7.45659
6.94523
6.50827
6.12919
5.82423
5.55253
5.36338
5.16491
5.08037
5.32423
5.23022
5.18881
5.14962
5.1287
5.10017
5.08804
5.06941
5.06129
5.05274
5.04981
5.05043
5.06187
5.08197
5.11412
5.23324
5.22125
5.31231
6.56155
7.78644
8.58307
8.93731
8.78521
8.26065
7.6214
7.07969
6.60131
6.18615
5.85862
5.61121
5.44042
5.32349
5.25902
5.22056
5.21623
5.22715
5.2648
5.31144
5.37742
5.4489
5.53366
5.62539
5.71948
5.82309
5.91912
6.0302
6.12501
6.24311
6.34591
6.48514
6.59921
6.76601
6.90448
7.14144
7.35041
7.71373
8.03931
8.69882
9.32616
10.7435
12.6705
13.2085
11.055
7.30685
4.71444
3.51036
2.78414
2.2808
1.99928
1.85672
1.79408
1.77452
1.77424
1.78371
1.80144
1.8277
1.86217
1.90435
1.952
2.00376
2.05981
2.12103
2.18727
2.2586
2.335
2.41638
2.50254
2.59338
2.68915
2.79014
2.89705
3.00993
3.12882
3.25352
3.38338
3.51791
3.65709
3.80056
3.94771
4.09759
4.24933
4.40302
4.55841
4.71529
4.87316
5.03142
5.18969
5.34789
5.50636
5.66565
5.82604
5.98777
6.15086
6.31523
6.48112
6.64892
6.8194
6.9936
7.17223
7.3555
7.54391
7.7389
7.94234
8.15566
8.37997
8.61651
8.86627
9.12987
9.40686
9.69642
9.99701
10.3053
10.6142
10.916
11.2093
11.4968
11.7767
12.0471
12.3173
12.6033
12.8984
13.1905
13.4789
13.7659
14.0546
14.3468
14.6443
14.9484
15.26
15.5792
15.9059
16.2393
16.5783
16.9272
17.2947
17.6794
18.0761
18.4765
18.871
19.2581
19.6329
19.9801
20.2884
20.5449
20.7333
20.83
20.8186
20.6822
20.4081
19.9865
19.4177
18.7125
17.8877
16.9626
15.967
14.9344
13.8983
12.8749
11.889
10.955
10.0853
9.28537
8.56077
7.91318
7.34005
6.84372
6.41083
6.0542
5.7385
5.50657
5.27474
5.15947
5.26693
5.16425
5.12113
5.08555
5.06896
5.0463
5.03871
5.02682
5.02488
5.02623
5.03384
5.05118
5.0789
5.12526
5.18616
5.3391
5.40535
5.63087
6.85852
8.13779
8.92219
9.20648
9.01303
8.46173
7.82326
7.27421
6.78183
6.34509
5.98771
5.70525
5.4928
5.33274
5.21977
5.13501
5.07919
5.04277
5.0274
5.02744
5.04069
5.06806
5.10198
5.15379
5.20037
5.2697
5.32239
5.40607
5.46137
5.55975
5.62499
5.74967
5.82772
5.98363
6.09012
6.31509
6.50103
6.83278
7.1624
7.76332
8.49062
9.64867
11.7041
13.2768
12.6811
9.54381
6.2025
4.33123
3.309
2.65008
2.28983
2.1056
2.02073
1.99
1.98335
1.98915
2.00514
2.03135
2.06668
2.11083
2.16113
2.21594
2.27583
2.34162
2.41298
2.48998
2.5727
2.66109
2.75482
2.85369
2.95784
3.06758
3.18368
3.30625
3.43542
3.57103
3.71242
3.85911
4.01102
4.16772
4.32854
4.49242
4.65844
4.82659
4.99653
5.16798
5.34036
5.51305
5.6856
5.85793
6.03038
6.20347
6.37752
6.55281
6.72943
6.90735
7.08689
7.2685
7.45303
7.64158
7.83495
8.03341
8.23756
8.44886
8.66918
8.89997
9.1423
9.39738
9.6661
9.94895
10.2453
10.5543
10.8741
11.2014
11.5292
11.8501
12.1629
12.4701
12.77
13.0607
13.3508
13.6551
13.9679
14.2777
14.5836
14.8885
15.195
15.5052
15.821
16.1437
16.4741
16.8123
17.1583
17.5109
17.8693
18.2384
18.6272
19.0337
19.4518
19.8726
20.2858
20.6909
21.083
21.4458
21.7672
22.0334
22.2268
22.3232
22.3061
22.1573
21.8632
21.4133
20.8077
20.0572
19.1788
18.1924
17.1294
16.025
14.9141
13.8139
12.7507
11.7397
10.7948
9.92124
9.1262
8.41044
7.77339
7.21546
6.72636
6.31537
5.95268
5.6744
5.40602
5.25487
5.1962
5.08408
5.03737
5.0046
4.99195
4.97557
4.97264
4.96768
4.97181
4.98224
4.99956
5.03142
5.0742
5.14295
5.22999
5.40933
5.5439
5.88363
7.05714
8.30504
9.08193
9.3253
9.11635
8.57505
7.95806
7.41791
6.92597
6.48281
6.11014
5.80613
5.56521
5.37441
5.22608
5.10703
5.01313
4.94044
4.88503
4.84737
4.81977
4.80854
4.80186
4.81427
4.82279
4.85235
4.87115
4.91459
4.94155
4.99813
5.04027
5.11787
5.18026
5.28088
5.38038
5.53383
5.72146
5.95426
6.29441
6.75743
7.52326
8.50409
10.3285
12.5244
13.3356
11.7148
8.42069
5.66683
4.08777
3.15302
2.65949
2.40852
2.28844
2.23975
2.22273
2.22224
2.23477
2.2599
2.2953
2.34094
2.39359
2.45124
2.51489
2.5854
2.6621
2.74501
2.83439
2.93025
3.03215
3.13968
3.25283
3.37189
3.49771
3.6305
3.77053
3.9177
4.0714
4.23112
4.39675
4.56776
4.74341
4.92254
5.10413
5.28805
5.47385
5.66116
5.84934
6.03768
6.22574
6.41338
6.60091
6.78889
6.97766
7.16753
7.35868
7.55119
7.74543
7.94195
8.14166
8.34573
8.55501
8.76992
8.99107
9.21996
9.45841
9.70786
9.96935
10.244
10.5326
10.8355
11.152
11.481
11.8207
12.1677
12.5154
12.8567
13.1903
13.5184
13.8397
14.1522
14.4635
14.787
15.1186
15.4469
15.7714
16.095
16.4205
16.7498
17.085
17.4272
17.7775
18.1358
18.502
18.8749
19.2537
19.644
20.0551
20.4843
20.9248
21.3666
21.7989
22.222
22.6313
23.0095
23.3435
23.6186
23.8156
23.9102
23.8857
23.7224
23.4058
22.9248
22.2794
21.4805
20.545
19.4938
18.36
17.1805
15.9915
14.811
13.6674
12.5766
11.5536
10.6039
9.73595
8.94973
8.24648
7.62475
7.07711
6.6093
6.19691
5.86909
5.5612
5.3694
5.11018
4.98835
4.93622
4.90508
4.8956
4.88559
4.88733
4.88937
4.89949
4.91821
4.94443
4.98864
5.04505
5.13247
5.24267
5.44235
5.6326
6.05585
7.14626
8.28478
9.02056
9.24484
9.04914
8.56627
7.99732
7.4864
7.0116
6.57815
6.20548
5.89387
5.63744
5.42749
5.25547
5.11247
4.99193
4.89287
4.80906
4.74302
4.68626
4.64482
4.60886
4.58861
4.56937
4.56409
4.55785
4.56381
4.5696
4.58509
4.60893
4.63932
4.68658
4.73352
4.81742
4.90527
5.06281
5.22024
5.5001
5.86069
6.49843
7.38669
8.83131
11.0457
12.987
12.9823
10.8355
7.80749
5.34982
3.90249
3.16587
2.79883
2.61835
2.53898
2.50414
2.49245
2.49825
2.5203
2.55427
2.60043
2.65479
2.71466
2.78171
2.85689
2.93902
3.02795
3.12419
3.22793
3.33858
3.45542
3.57822
3.70719
3.84323
3.98673
4.13813
4.29748
4.46425
4.63793
4.81833
5.00485
5.19664
5.39244
5.59109
5.79231
5.99552
6.20022
6.40568
6.61116
6.81613
7.02045
7.22439
7.42851
7.63319
7.83884
8.04571
8.25398
8.46412
8.67677
8.89291
9.11379
9.34032
9.57303
9.81256
10.0604
10.3183
10.5878
10.8696
11.165
11.4746
11.7985
12.1361
12.486
12.8465
13.2144
13.5831
13.9461
14.3021
14.6529
14.9972
15.3331
15.6668
16.011
16.3629
16.7106
17.0549
17.3986
17.7443
18.094
18.4497
18.8128
19.1842
19.564
19.9516
20.346
20.7462
21.1588
21.5934
22.0465
22.5103
22.9737
23.4252
23.8662
24.2925
24.6855
25.0313
25.314
25.5124
25.6034
25.569
25.3884
25.0461
24.5305
23.8415
22.9902
21.9936
20.8733
19.6644
18.4057
17.1346
15.8701
14.6426
13.4685
12.3642
11.3353
10.3917
9.53243
8.76056
8.07272
7.46423
6.93725
6.47263
6.09242
5.74232
5.50553
5.00522
4.87498
4.81615
4.78525
4.77779
4.77382
4.78004
4.78897
4.80498
4.83124
4.86563
4.92016
4.98872
5.09138
5.22147
5.43684
5.66949
6.14087
7.1224
8.10752
8.75735
8.95858
8.79302
8.3985
7.91085
7.45275
7.01374
6.60716
6.25065
5.94614
5.68765
5.4703
5.28578
5.12852
4.99133
4.87469
4.77222
4.6863
4.61005
4.54693
4.49122
4.44713
4.4086
4.37795
4.35332
4.33259
4.32075
4.30853
4.31306
4.31403
4.33805
4.35549
4.40656
4.46068
4.56203
4.67936
4.86224
5.14158
5.5894
6.33131
7.44978
9.26552
11.5615
13.1385
12.6003
10.3388
7.3784
5.10578
3.92887
3.34584
3.0534
2.91699
2.84913
2.81634
2.80893
2.82381
2.8534
2.89811
2.9528
3.01358
3.08305
3.16246
3.24984
3.34462
3.44767
3.5595
3.67943
3.80626
3.93939
4.07884
4.22556
4.38014
4.54332
4.71539
4.89594
5.0845
5.28081
5.48418
5.69361
5.90772
6.12518
6.34552
6.56799
6.79192
7.01649
7.24086
7.46445
7.68706
7.90897
8.13072
8.35276
8.57557
8.79952
9.02492
9.25233
9.48249
9.71648
9.9556
10.2009
10.4528
10.7122
10.9805
11.2594
11.5503
11.8539
12.1714
12.5031
12.8493
13.2091
13.5812
13.9639
14.3541
14.7456
15.1322
15.5124
15.8878
16.2571
16.6181
16.9759
17.3426
17.7161
18.085
18.4508
18.8161
19.1834
19.555
19.9329
20.3185
20.7126
21.1152
21.5258
21.943
22.3659
22.802
23.2614
23.7396
24.2276
24.7132
25.184
25.6426
26.0851
26.492
26.8482
27.1362
27.3334
27.418
27.3705
27.1688
26.7966
26.2419
25.5045
24.5959
23.5328
22.3382
21.0491
19.7065
18.3485
16.9953
15.6796
14.4183
13.229
12.1176
11.0951
10.16
9.31686
8.56046
7.88873
7.30026
6.78101
6.34578
5.95095
5.66534
4.87538
4.74076
4.67512
4.64324
4.63644
4.63771
4.64798
4.6634
4.68511
4.71817
4.76004
4.82315
4.9024
5.01729
5.16403
5.39138
5.65428
6.1406
6.99567
7.81332
8.34834
8.50742
8.36897
8.06134
7.67874
7.29337
6.90788
6.54486
6.2206
5.93801
5.69153
5.47909
5.29344
5.13171
4.98737
4.86154
4.74887
4.65092
4.56301
4.48612
4.41793
4.3586
4.30707
4.2607
4.22251
4.1864
4.15979
4.13328
4.11963
4.10686
4.10772
4.11219
4.13244
4.1688
4.22448
4.30962
4.42098
4.61171
4.90803
5.4321
6.278
7.62932
9.58111
11.7799
13.2176
12.6175
10.0867
7.12157
5.19818
4.19875
3.6856
3.43555
3.30184
3.22638
3.19167
3.1905
3.20951
3.24868
3.30081
3.35973
3.42938
3.5118
3.60368
3.70358
3.81285
3.9326
4.06215
4.19964
4.34378
4.49427
4.652
4.81786
4.99301
5.17811
5.37301
5.57733
5.79073
6.01241
6.24121
6.47556
6.71394
6.95563
7.19961
7.44506
7.69096
7.93639
8.18066
8.42354
8.66528
8.90644
9.14754
9.38917
9.63181
9.87591
10.1222
10.3714
10.6249
10.8838
11.1495
11.4224
11.7033
11.9937
12.2952
12.6091
12.9361
13.2772
13.6327
14.0027
14.3863
14.7823
15.1891
15.6038
16.0203
16.4327
16.8395
17.242
17.6386
18.0267
18.4107
18.8025
19.1993
19.5914
19.9806
20.3695
20.7604
21.1558
21.5577
21.9676
22.3863
22.8136
23.2488
23.6904
24.1374
24.5984
25.0839
25.5886
26.102
26.6103
27.1001
27.5754
28.0331
28.4522
28.8167
29.1063
29.299
29.3735
29.3084
29.0805
28.6728
28.0729
27.2809
26.3087
25.1728
23.8972
22.5217
21.0892
19.6385
18.1913
16.7823
15.4292
14.1507
12.9528
11.848
10.8339
9.91655
9.08894
8.35148
7.69916
7.12292
6.63022
6.18828
5.85045
4.71424
4.58098
4.51019
4.47679
4.46948
4.47477
4.48845
4.50961
4.53667
4.57574
4.62446
4.69465
4.78323
4.90778
5.06803
5.30412
5.58734
6.06333
6.78749
7.44334
7.85451
7.9549
7.82601
7.58263
7.30251
6.99696
6.67666
6.36997
6.09155
5.84434
5.62325
5.42801
5.25276
5.0967
4.95468
4.82821
4.71333
4.61101
4.51829
4.43501
4.36034
4.29335
4.23395
4.17981
4.13257
4.08927
4.05233
4.01951
3.99357
3.97421
3.9608
3.95724
3.96073
3.98199
4.01463
4.06781
4.14017
4.25471
4.44434
4.77179
5.34941
6.29261
7.73793
9.65411
11.7764
13.357
13.0568
10.3232
7.49029
5.69008
4.72242
4.23006
3.95687
3.79114
3.69818
3.66041
3.65493
3.6793
3.72233
3.77345
3.83846
3.9209
4.01538
4.11855
4.23228
4.3589
4.49794
4.64661
4.80245
4.96446
5.13334
5.31032
5.49717
5.69519
5.90469
6.12543
6.35706
6.59862
6.84875
7.10565
7.36751
7.63325
7.90158
8.17138
8.44141
8.71057
8.97809
9.24366
9.5075
9.77022
10.0324
10.2948
10.558
10.8227
11.0896
11.3598
11.6345
11.9152
12.2031
12.4988
12.8031
13.1175
13.4435
13.7823
14.1346
14.5012
14.8825
15.2784
15.688
16.1103
16.5438
16.9856
17.43
17.8712
18.3077
18.7404
19.1673
19.5849
19.9976
20.4171
20.8399
21.258
21.6731
22.0879
22.5048
22.9263
23.3546
23.7912
24.2367
24.6908
25.1526
25.6204
26.0931
26.5805
27.0937
27.6262
28.166
28.6972
29.2055
29.696
30.1668
30.5956
30.9644
31.2507
31.4347
31.4937
31.4048
31.1438
30.6932
30.0404
29.1857
28.1416
26.9244
25.5596
24.0899
22.5603
21.0102
19.4624
17.9544
16.5041
15.1315
13.8429
12.6519
11.5553
10.5606
9.65892
8.8531
8.13451
7.49894
6.9464
6.45506
6.06203
4.51315
4.3888
4.31688
4.28275
4.27455
4.28254
4.29895
4.32472
4.35658
4.40076
4.45565
4.53166
4.62829
4.76026
4.93109
5.17295
5.46854
5.91975
6.52025
7.03144
7.32265
7.3561
7.21657
7.01194
6.8043
6.57182
6.31789
6.07213
5.84699
5.64429
5.45881
5.29152
5.13722
4.99666
4.86621
4.74778
4.63852
4.53954
4.44863
4.36598
4.29055
4.22247
4.16038
4.10441
4.05328
4.00787
3.96646
3.9312
3.90038
3.87719
3.85866
3.84914
3.84674
3.85691
3.87863
3.91073
3.95865
4.02704
4.14155
4.33654
4.6887
5.29953
6.26514
7.66977
9.47444
11.5247
13.2261
13.7046
11.5848
8.59956
6.65972
5.62288
5.0388
4.66466
4.44102
4.31792
4.25748
4.24617
4.26451
4.29412
4.34356
4.41894
4.51135
4.61339
4.7274
4.85783
5.00511
5.16503
5.33307
5.50691
5.68668
5.8739
6.07131
6.28125
6.50483
6.74216
6.99288
7.25588
7.52952
7.81166
8.10011
8.39332
8.68956
8.98729
9.28498
9.58126
9.8752
10.1664
10.4551
10.742
11.0277
11.3132
11.5992
11.8866
12.1763
12.4695
12.7676
13.0722
13.3844
13.7051
14.0351
14.3757
14.7285
15.0945
15.4745
15.8692
16.2788
16.7034
17.142
17.5938
18.0574
18.53
19.0062
19.4801
19.9501
20.4168
20.878
21.3279
21.7727
22.2231
22.6755
23.1228
23.5671
24.0108
24.4566
24.9071
25.3646
25.8306
26.3055
26.7889
27.2796
27.7754
28.2754
28.7909
29.3332
29.8947
30.4617
31.0156
31.5406
32.0439
32.5246
32.9588
33.3248
33.6025
33.7713
33.8073
33.6859
33.3824
32.8788
32.1625
31.2345
30.1081
28.7989
27.3347
25.7612
24.1258
22.4679
20.812
19.1985
17.645
16.173
14.7889
13.5075
12.3247
11.2493
10.2706
9.39375
8.60641
7.90918
7.29453
6.75158
6.30068
4.26017
4.15447
4.08826
4.0563
4.04838
4.05823
4.07695
4.10603
4.14197
4.19027
4.25057
4.33124
4.43464
4.57208
4.75072
4.99644
5.29591
5.71705
6.20862
6.59586
6.77751
6.74231
6.57797
6.39201
6.22228
6.04654
5.84807
5.65751
5.48423
5.32793
5.18277
5.04971
4.92384
4.80663
4.69563
4.59309
4.49677
4.40842
4.32588
4.25036
4.18014
4.11664
4.05747
4.00436
3.95487
3.91112
3.87077
3.83624
3.80616
3.78242
3.76409
3.75271
3.74918
3.75471
3.76989
3.79241
3.82502
3.87057
3.93977
4.05553
4.25757
4.62028
5.21346
6.12839
7.40796
9.05281
10.9359
12.7798
14.0258
13.5779
10.8726
8.46084
7.09204
6.21631
5.69733
5.36219
5.16915
5.07112
5.02634
5.00322
5.0135
5.06549
5.14436
5.23462
5.33879
5.46515
5.61637
5.7862
5.96633
6.15182
6.34138
6.53659
6.7416
6.96059
7.19615
7.44902
7.7189
8.00451
8.30386
8.61433
8.93314
9.2581
9.58677
9.91704
10.2469
10.5745
10.8988
11.2193
11.5362
11.8503
12.1625
12.4737
12.7851
13.0976
13.4126
13.7312
14.0552
14.3861
14.7253
15.0736
15.4319
15.8015
16.1839
16.5802
16.991
17.4171
17.8586
18.3156
18.7873
19.273
19.7713
20.2796
20.7925
21.3042
21.8129
22.3186
22.818
23.3046
23.7856
24.2712
24.7574
25.238
25.7152
26.1915
26.6697
27.1525
27.6426
28.1412
28.6485
29.1638
29.6855
30.2115
30.7403
31.285
31.8576
32.4487
33.043
33.6181
34.1568
34.6683
35.1536
35.5839
35.9398
36.2009
36.345
36.3468
36.1808
35.8216
35.2513
34.4574
33.4421
32.2195
30.8048
29.2284
27.5398
25.7884
24.0132
22.2406
20.5142
18.8513
17.2742
15.7897
14.4137
13.1409
11.9817
10.923
9.97254
9.11405
8.35299
7.67406
7.07743
6.56631
3.93931
3.8644
3.81405
3.78992
3.78566
3.79785
3.81912
3.85056
3.88991
3.94132
4.00623
4.09046
4.19937
4.34056
4.52408
4.7731
5.06486
5.45605
5.86
6.13954
6.2242
6.12325
5.9278
5.74511
5.59297
5.44979
5.29286
5.14597
5.01599
4.9006
4.7935
4.69451
4.5995
4.50956
4.42282
4.34151
4.26377
4.19172
4.12336
4.06035
4.00102
3.94695
3.89609
3.85011
3.8072
3.76902
3.73409
3.70412
3.67856
3.65837
3.64336
3.63454
3.63255
3.63865
3.65145
3.67089
3.69645
3.73177
3.77979
3.85393
3.97274
4.17881
4.5194
5.06146
5.86697
6.97933
8.3935
10.0767
11.8741
13.5241
14.4444
14.1009
11.8097
9.49514
8.17334
7.27161
6.76382
6.4582
6.2474
6.08655
5.99986
5.98862
6.02584
6.07907
6.15048
6.25421
6.39756
6.57177
6.76147
6.95671
7.15279
7.35059
7.55627
7.77738
8.01926
8.28387
8.57102
8.87919
9.20594
9.54794
9.90158
10.2636
10.6305
10.9991
11.3667
11.731
12.0905
12.4446
12.7936
13.1384
13.4801
13.8201
14.1597
14.5003
14.8432
15.1902
15.5428
15.9031
16.2723
16.6514
17.0413
17.4433
17.8591
18.2895
18.7354
19.1973
19.6757
20.1704
20.6808
21.2062
21.7454
22.296
22.8523
23.4086
23.9629
24.5144
25.0561
25.5843
26.1063
26.632
27.1569
27.6755
28.1902
28.7034
29.2181
29.7372
30.2634
30.7978
31.3403
31.8898
32.4445
33.0019
33.5606
34.1352
34.738
35.3576
35.9775
36.5695
37.1158
37.6278
38.1047
38.5214
38.8567
39.0889
39.194
39.1455
38.9173
38.4839
37.8278
36.9372
35.816
34.4792
32.9419
31.238
29.421
27.5421
25.639
23.741
21.8946
20.116
18.4286
16.8396
15.3653
13.9996
12.7538
11.6128
10.5866
9.65492
8.82823
8.08319
7.43111
6.85777
3.5292
3.50012
3.47917
3.47182
3.47732
3.49448
3.51975
3.55366
3.59625
3.65016
3.71905
3.80596
3.91915
4.06286
4.24769
4.49568
4.77752
5.13591
5.46699
5.65528
5.65684
5.49632
5.26833
5.07778
4.9335
4.80347
4.67649
4.56145
4.46394
4.38018
4.30395
4.23404
4.16664
4.10267
4.04052
3.98172
3.92498
3.87198
3.82136
3.77427
3.72988
3.68889
3.65038
3.61523
3.58267
3.55368
3.52757
3.50564
3.48775
3.47445
3.46571
3.4624
3.46494
3.4744
3.48916
3.50896
3.53395
3.56618
3.60822
3.66579
3.74757
3.87239
4.06748
4.37132
4.83399
5.50276
6.40971
7.57407
8.96926
10.5803
12.2082
13.8266
15.0418
15.05
13.9917
11.713
10.0874
9.16308
8.50371
7.98672
7.6766
7.50317
7.42263
7.36797
7.34848
7.38431
7.48861
7.65064
7.8409
8.03935
8.23368
8.42188
8.61286
8.82023
9.05485
9.321
9.61858
9.94575
10.2995
10.6755
11.0688
11.4742
11.8864
12.3007
12.7129
13.12
13.5201
13.9125
14.2976
14.6766
15.0512
15.4229
15.7937
16.1651
16.5391
16.9174
17.302
17.695
18.0979
18.5116
18.9372
19.3762
19.8301
20.3
20.7866
21.2906
21.8125
22.3522
22.9091
23.4824
24.071
24.6726
25.2813
25.8914
26.5
27.102
27.6916
28.2666
28.8349
29.4058
29.9745
30.5359
31.0926
31.6473
32.2026
32.7615
33.3268
33.8992
34.4783
35.0625
35.6502
36.2388
36.8268
37.4295
38.0593
38.7021
39.3421
39.9414
40.4814
40.9799
41.4364
41.826
42.1251
42.3099
42.3548
42.2324
41.9163
41.3816
40.612
39.5972
38.3436
36.8678
35.1864
33.3376
31.3786
29.3608
27.3198
25.2892
23.3179
21.4195
19.6189
17.9232
16.3493
14.8892
13.556
12.3316
11.2289
10.2231
9.32998
8.51776
7.80909
7.17213
3.00249
3.03723
3.06186
3.08345
3.1076
3.13519
3.16789
3.20618
3.25312
3.30996
3.38294
3.47231
3.58897
3.73456
3.91694
4.15461
4.43243
4.75941
5.02705
5.13833
5.06759
4.8534
4.59288
4.38843
4.2448
4.11972
4.013
3.92144
3.84796
3.78745
3.73421
3.68643
3.6409
3.59801
3.55688
3.51806
3.48091
3.4463
3.41366
3.38316
3.35494
3.32861
3.30427
3.28202
3.26191
3.24437
3.22926
3.2176
3.2096
3.20528
3.20499
3.20905
3.21827
3.23306
3.25235
3.27521
3.30286
3.33694
3.38045
3.43663
3.50831
3.60231
3.72872
3.90823
4.16711
4.54214
5.06433
5.76708
6.66265
7.76036
9.03261
10.4977
12.0653
13.5366
15.0207
15.9313
15.8329
15.3755
13.8855
12.1929
11.0249
10.3813
9.99686
9.64777
9.38689
9.24807
9.22513
9.31905
9.47582
9.65351
9.82299
9.97468
10.1191
10.2791
10.4765
10.72
11.0094
11.3429
11.7168
12.1254
12.5611
13.0156
13.4804
13.9478
14.4115
14.8672
15.3127
15.7472
16.1717
16.5878
16.9976
17.4035
17.8079
18.2129
18.6208
19.0337
19.4539
19.8835
20.3242
20.777
21.2432
21.7245
22.2226
22.7387
23.2735
23.8279
24.4024
24.997
25.6111
26.2436
26.8933
27.5578
28.2308
28.9056
29.5722
30.228
30.8698
31.4953
32.1133
32.7328
33.3481
33.9548
34.5562
35.1555
35.7545
36.3553
36.9601
37.5696
38.1832
38.7995
39.4172
40.0336
40.648
41.2732
41.9203
42.5709
43.2055
43.7955
44.3175
44.792
45.2152
45.5611
45.8034
45.9158
45.8713
45.6415
45.2004
44.524
43.5982
42.4147
40.9844
39.3241
37.4673
35.454
33.3398
31.1729
28.9892
26.8259
24.7315
22.7156
20.8052
19.0063
17.3363
15.7853
14.3675
13.0621
11.885
10.8065
9.84814
8.96929
8.20429
7.50341
2.32395
2.44195
2.52884
2.5942
2.64849
2.69552
2.74197
2.78932
2.84395
2.90617
2.98503
3.07814
3.19872
3.34555
3.5247
3.74664
4.01621
4.31959
4.53569
4.58097
4.44417
4.18113
3.89083
3.67224
3.52485
3.40271
3.30758
3.23544
3.18111
3.13863
3.10284
3.07168
3.04263
3.01558
2.99077
2.96781
2.94658
2.92744
2.91023
2.89452
2.88093
2.86843
2.85756
2.84807
2.84029
2.83449
2.83063
2.82972
2.83197
2.83722
2.84577
2.85784
2.87411
2.89509
2.91955
2.94677
2.97816
3.01624
3.0642
3.12562
3.20052
3.29047
3.39551
3.52366
3.68686
3.9041
4.1957
4.58694
5.10121
5.75166
6.54628
7.49806
8.61288
9.87268
11.2792
12.7051
14.065
15.5475
16.9111
17.5086
17.2984
17.0106
16.2935
15.0184
13.7784
12.9188
12.4457
12.3056
12.3423
12.421
12.478
12.5121
12.5411
12.5885
12.6826
12.8433
13.0739
13.3754
13.7443
14.1713
14.6438
15.1472
15.6669
16.1905
16.7084
17.2148
17.7072
18.185
18.6497
19.1037
19.5497
19.991
20.4306
20.8713
21.3156
21.7658
22.2245
22.694
23.1761
23.6721
24.1835
24.7124
25.2609
25.8305
26.4221
27.0365
27.6745
28.3363
29.0217
29.7286
30.4559
31.1996
31.9456
32.6804
33.4025
34.1115
34.8039
35.4771
36.1414
36.8048
37.4605
38.1054
38.7444
39.3819
40.0168
40.6512
41.2861
41.922
42.5588
43.1953
43.8302
44.4591
45.0748
45.6951
46.3194
46.9268
47.5014
48.0335
48.4993
48.9135
49.2615
49.5174
49.6525
49.64
49.4534
49.0656
48.4535
47.5954
46.481
45.1039
43.4787
41.6203
39.5801
37.3991
35.1296
32.8128
30.4967
28.2184
26.0184
23.9037
21.9022
20.0173
18.2666
16.6377
15.1468
13.7697
12.5262
11.3815
10.3631
9.42154
8.60313
7.84023
1.4433
1.654
1.81656
1.9439
2.0441
2.12589
2.1977
2.26403
2.33402
2.40789
2.49772
2.59864
2.72616
2.87451
3.05383
3.26233
3.51704
3.80005
3.97424
3.96144
3.76542
3.46254
3.15309
2.92751
2.77869
2.66121
2.57482
2.51919
2.48028
2.45233
2.43028
2.41204
2.39564
2.38082
2.36824
2.35731
2.34813
2.34089
2.33561
2.33159
2.32958
2.32834
2.32849
2.32969
2.33227
2.33649
2.34227
2.35058
2.36159
2.37501
2.39104
2.4098
2.43193
2.45791
2.48662
2.51729
2.55183
2.59303
2.64511
2.71193
2.79347
2.88879
2.99416
3.10982
3.23957
3.39064
3.57343
3.79987
4.08706
4.44812
4.89516
5.44243
6.10347
6.88372
7.78807
8.80784
9.92948
11.1852
12.5368
13.8525
15.142
16.5277
17.9839
19.2169
19.928
19.9602
19.6904
19.4378
19.2236
18.8091
18.2428
17.6655
17.2066
16.8852
16.6836
16.6033
16.6473
16.8199
17.1124
17.5042
17.9708
18.4877
19.0317
19.5842
20.1334
20.6731
21.2
21.7127
22.2122
22.7007
23.1811
23.6568
24.1312
24.6076
25.0885
25.5762
26.0737
26.5837
27.1083
27.6487
28.2071
28.7862
29.3893
30.0184
30.674
31.3563
32.066
32.8056
33.5741
34.3615
35.1586
35.9531
36.7363
37.5019
38.2503
38.9815
39.6919
40.3797
41.0557
41.725
42.3794
43.0183
43.6466
44.2682
44.8858
45.4999
46.1097
46.7149
47.3151
47.9088
48.493
49.0615
49.594
50.0909
50.537
50.9247
51.2637
51.5834
51.8641
52.0837
52.2163
52.2407
52.1338
51.8743
51.4445
50.8273
50.0098
48.9802
47.7338
46.2681
44.5914
42.7142
40.6595
38.4612
36.1711
33.8246
31.4777
29.1696
26.9318
24.7772
22.7375
20.8123
19.0211
17.3485
15.8132
14.388
13.0981
11.9031
10.8379
9.84426
8.98037
8.16182
0.383206
0.625817
0.852434
1.05096
1.21338
1.34921
1.46279
1.56368
1.66157
1.75779
1.86758
1.98354
2.12465
2.27912
2.46387
2.66684
2.90908
3.17576
3.31605
3.25109
3.00857
2.68657
2.38177
2.16644
2.02693
1.92108
1.84709
1.80496
1.78087
1.76455
1.75238
1.74358
1.73639
1.73055
1.72679
1.72455
1.72395
1.72519
1.72832
1.73256
1.73863
1.74533
1.75322
1.76197
1.77185
1.7831
1.79559
1.8102
1.82704
1.84575
1.86644
1.88913
1.91442
1.94274
1.97313
2.0048
2.03998
2.08145
2.13418
2.20242
2.28667
2.38562
2.49447
2.61059
2.73343
2.86431
3.00643
3.16492
3.34738
3.56056
3.81286
4.1154
4.48025
4.91562
5.42777
6.01718
6.68525
7.44046
8.29018
9.22568
10.2403
11.3535
12.5607
13.8003
15.0359
16.2664
17.5331
18.8733
20.3305
21.8965
23.4483
24.7432
25.5456
25.8588
25.8056
25.5326
25.2112
24.9665
24.8583
24.8885
25.0362
25.2762
25.5819
25.9401
26.3399
26.7739
27.2328
27.7062
28.186
28.667
29.1471
29.6262
30.1055
30.5874
31.0753
31.571
32.0774
32.5978
33.1341
33.6877
34.261
34.858
35.4825
36.1403
36.8342
37.553
38.2878
39.0277
39.7633
40.4938
41.2168
41.9261
42.6139
43.2772
43.9178
44.5371
45.1329
45.7029
46.2523
46.7827
47.2903
47.778
48.2488
48.705
49.1478
49.5769
49.9918
50.3915
50.7741
51.1368
51.4727
51.7753
51.9982
52.0785
52.0014
51.8106
51.583
51.4263
51.3291
51.1628
50.8984
50.5254
50.0357
49.4231
48.6853
47.8225
46.838
45.7354
44.5194
43.1933
41.7582
40.2152
38.5636
36.801
34.9387
32.9926
30.9812
28.9387
26.9032
24.8968
22.9653
21.114
19.3745
17.7331
16.216
14.7944
13.5005
12.2899
11.2055
10.1828
9.29058
8.43129
0.025497
0.0786788
0.163066
0.269024
0.384939
0.502054
0.615708
0.725168
0.836272
0.94552
1.06951
1.19675
1.34966
1.51137
1.70065
1.9032
2.13809
2.39596
2.5089
2.41171
2.1612
1.86635
1.60712
1.42967
1.31657
1.23365
1.178
1.14894
1.1371
1.13344
1.13198
1.13165
1.13117
1.13117
1.13224
1.13449
1.1379
1.14323
1.15034
1.15861
1.16851
1.17914
1.19076
1.20324
1.21662
1.23121
1.24672
1.26399
1.28292
1.3033
1.32503
1.34818
1.37315
1.40039
1.42905
1.45848
1.49068
1.5284
1.57649
1.63949
1.71824
1.81212
1.91672
2.0291
2.14735
2.27041
2.39807
2.53138
2.67287
2.82495
2.99102
3.17623
3.38778
3.63163
3.91287
4.2348
4.6001
5.01309
5.47794
5.99666
6.56918
7.19837
7.88761
8.63734
9.43993
10.2938
11.2063
12.1845
13.229
14.3309
15.4736
16.6485
17.8417
19.0445
20.2542
21.4749
22.7192
24.0027
25.3398
26.7378
28.197
29.7045
31.2271
32.7207
34.1433
35.4509
36.6129
37.62
38.4793
39.2071
39.8237
40.3528
40.8161
41.2273
41.5997
41.9492
42.2894
42.6273
42.962
43.2959
43.6396
43.9968
44.3644
44.732
45.0882
45.432
45.7613
46.0737
46.3669
46.64
46.8941
47.1342
47.3661
47.5908
47.8061
48.0128
48.2126
48.3947
48.5388
48.6479
48.7385
48.8133
48.8726
48.9156
48.9413
48.9483
48.934
48.8967
48.8316
48.7366
48.6008
48.4186
48.1198
47.5321
46.6808
45.6977
44.7446
43.9962
43.4498
42.8534
42.183
41.4414
40.6349
39.7719
38.8642
37.9257
36.9723
36.0188
35.078
34.1575
33.258
32.3711
31.4835
30.5723
29.6096
28.5685
27.4321
26.1815
24.8324
23.3871
21.9004
20.3926
18.9137
17.4643
16.0897
14.773
13.5574
12.3987
11.3485
10.3422
9.45471
8.58549
0.0010834
0.00353495
0.0102865
0.0231234
0.0435478
0.0712087
0.107544
0.151611
0.209128
0.274666
0.362573
0.457492
0.579115
0.711429
0.869272
1.04286
1.24678
1.4773
1.5568
1.4729
1.28624
1.08187
0.910736
0.795778
0.722898
0.670539
0.635886
0.618153
0.612112
0.613199
0.617217
0.622821
0.628705
0.635059
0.64222
0.650251
0.658838
0.668471
0.678788
0.689715
0.701364
0.713447
0.725943
0.739014
0.752508
0.766835
0.781641
0.797655
0.814687
0.832641
0.851363
0.870933
0.891606
0.913746
0.936756
0.960144
0.985501
1.01505
1.05291
1.10322
1.16707
1.2446
1.33269
1.42914
1.53227
1.64064
1.75306
1.86901
1.98874
2.11228
2.24025
2.37483
2.51903
2.67515
2.8454
3.03183
3.23641
3.46205
3.7115
3.98731
4.29016
4.62032
4.97849
5.36533
5.78019
6.22253
6.69297
7.19161
7.72002
8.27876
8.86764
9.4831
10.1228
10.786
11.4721
12.1797
12.9091
13.6618
14.4406
15.2483
16.0847
16.9495
17.8406
18.756
19.6957
20.6597
21.6455
22.6499
23.6691
24.7003
25.7409
26.7885
27.8426
28.9005
29.9591
31.0163
32.0684
33.113
34.1522
35.1876
36.2128
37.2096
38.1036
38.885
39.5425
40.0706
40.4661
40.7347
40.8839
40.9273
40.8822
40.7793
40.6515
40.5121
40.3591
40.1967
40.0365
39.8668
39.6399
39.3618
39.073
38.7751
38.4665
38.1456
37.8103
37.459
37.0889
36.6986
36.2842
35.8442
35.3725
34.8626
34.2528
33.3252
32.145
30.8797
29.7044
28.7799
28.1025
27.4195
26.7145
25.9945
25.2689
24.5489
23.8478
23.1805
22.5631
22.0112
21.5387
21.1557
20.8672
20.6696
20.5514
20.491
20.4566
20.4055
20.2995
20.0929
19.7568
19.2673
18.6359
17.863
16.9848
16.0135
15.0111
13.9809
12.9863
11.9982
11.0756
10.1667
9.34412
8.52137
0.000553919
0.000602358
0.000775785
0.00120365
0.00210705
0.00378196
0.00694328
0.0122144
0.0223227
0.036974
0.063399
0.097457
0.149688
0.214548
0.298916
0.399924
0.528048
0.684188
0.726979
0.681753
0.588412
0.489408
0.408042
0.353268
0.318063
0.292672
0.275531
0.26608
0.26203
0.261373
0.262593
0.265216
0.268659
0.272781
0.277969
0.284253
0.2915
0.29987
0.309157
0.31908
0.329735
0.340793
0.352252
0.364106
0.376275
0.388937
0.401885
0.41552
0.429744
0.44441
0.459443
0.474829
0.490784
0.507514
0.524689
0.541969
0.560506
0.581858
0.609091
0.645334
0.69159
0.748336
0.813742
0.88652
0.965689
1.05026
1.13924
1.23191
1.32794
1.42663
1.52758
1.63154
1.73963
1.85237
1.97012
2.09325
2.22241
2.35885
2.50389
2.65884
2.82423
3.00016
3.18701
3.38541
3.59535
3.81653
4.04867
4.29106
4.54332
4.80421
5.07314
5.3492
5.63163
5.92012
6.21434
6.5131
6.81541
7.1209
7.42989
7.74346
8.06085
8.38223
8.70731
9.03626
9.36922
9.7065
10.0481
10.3935
10.7416
11.0917
11.443
11.7953
12.1485
12.502
12.8551
13.2062
13.5526
13.8915
14.221
14.5392
14.8411
15.1233
15.4122
15.6873
15.9434
16.1761
16.3806
16.5545
16.6957
16.8045
16.8824
16.9366
16.9777
17.0104
17.0333
17.0476
17.0583
17.0629
17.0411
16.9922
16.9329
16.8642
16.7857
16.6969
16.5973
16.486
16.3623
16.2252
16.0737
15.9065
15.7228
15.5195
15.2704
14.8584
14.3125
13.7162
13.1585
12.7229
12.4128
12.1048
11.7917
11.4781
11.1694
10.8721
10.5937
10.3425
10.1277
9.95925
9.84704
9.80127
9.83079
9.94311
10.1417
10.4257
10.7859
11.2062
11.659
12.1128
12.5259
12.8621
13.0859
13.1681
13.0956
12.8584
12.4894
11.9923
11.4214
10.7752
10.1214
9.43116
8.7759
8.08253
0.000546133
0.000546824
0.000549936
0.00055898
0.000581448
0.000631203
0.000756269
0.00102861
0.00180633
0.00327636
0.0069966
0.0131324
0.0248593
0.0428434
0.069647
0.106358
0.1593
0.23198
0.249436
0.233372
0.2015
0.167939
0.140298
0.121355
0.10885
0.0996749
0.0932882
0.0894527
0.0874143
0.0865049
0.0862238
0.0864241
0.0869239
0.0876693
0.0887901
0.090529
0.092868
0.0959738
0.0998045
0.104166
0.109156
0.114571
0.120447
0.126733
0.133411
0.140534
0.148
0.155994
0.164478
0.17333
0.182513
0.191982
0.201867
0.212269
0.223
0.233843
0.245499
0.258928
0.276133
0.299234
0.328865
0.365528
0.408257
0.456422
0.509574
0.567214
0.628781
0.693822
0.762092
0.832961
0.905908
0.981208
1.05928
1.14008
1.22335
1.30881
1.39635
1.48633
1.57914
1.67519
1.77448
1.8768
1.98217
2.09088
2.20288
2.318
2.43609
2.55673
2.67966
2.8042
2.93
3.05657
3.1835
3.31053
3.43741
3.56347
3.6882
3.81129
3.93259
4.05232
4.16984
4.28496
4.39736
4.50704
4.61419
4.71902
4.82164
4.92199
5.01971
5.11464
5.20662
5.29561
5.38173
5.46492
5.54493
5.62121
5.69265
5.7583
5.81741
5.86934
5.91229
5.94419
5.964
5.97925
5.98918
5.99334
5.9911
5.98244
5.96734
5.94616
5.91951
5.8892
5.85773
5.8262
5.79428
5.76219
5.73109
5.70046
5.66574
5.62659
5.58658
5.54579
5.50399
5.46096
5.41648
5.37032
5.32227
5.27208
5.21957
5.16448
5.10667
5.04578
4.97505
4.86069
4.70897
4.54234
4.38602
4.26559
4.18365
4.10356
4.02281
3.94237
3.86355
3.78795
3.71749
3.65455
3.60194
3.56313
3.5422
3.54427
3.57524
3.6424
3.75377
3.91843
4.14491
4.44167
4.81182
5.25459
5.75739
6.30194
6.85656
7.38864
7.85958
8.23687
8.49521
8.62083
8.61054
8.46271
8.22614
7.89531
7.53125
7.07802
0.000546283
0.000546235
0.000546231
0.000546339
0.000546731
0.0005478
0.000551307
0.000560959
0.000599931
0.000695989
0.0010206
0.00172256
0.00334914
0.00646532
0.0118705
0.0204897
0.0350529
0.0582435
0.0636897
0.059778
0.0520967
0.0439434
0.0371382
0.0323604
0.0291142
0.0266893
0.0249578
0.0238579
0.0232076
0.0228438
0.0226412
0.0225663
0.0225736
0.022647
0.0227854
0.0231422
0.0237011
0.0245255
0.0256038
0.0268772
0.0283817
0.0300655
0.0319452
0.0340137
0.0362707
0.038741
0.0413952
0.0443046
0.0474627
0.0508303
0.0543956
0.0581423
0.0621239
0.0663853
0.0708535
0.0754348
0.0804324
0.0862853
0.0939812
0.10468
0.118834
0.136914
0.158646
0.183877
0.21251
0.244389
0.279288
0.31702
0.357483
0.40031
0.445154
0.49213
0.54143
0.592922
0.64631
0.701232
0.757432
0.814919
0.873721
0.933879
0.995179
1.05725
1.11997
1.18339
1.24738
1.31177
1.3764
1.44103
1.50547
1.56935
1.6325
1.69467
1.75569
1.81545
1.87388
1.93067
1.98565
2.03871
2.08982
2.13911
2.18633
2.23146
2.27438
2.31516
2.35389
2.39071
2.42569
2.45882
2.49001
2.51923
2.54645
2.5717
2.59507
2.61658
2.63617
2.65372
2.6689
2.68148
2.69129
2.69823
2.70182
2.70155
2.6974
2.69123
2.68282
2.67211
2.65895
2.64344
2.62563
2.60574
2.58403
2.56116
2.53796
2.51479
2.49155
2.46832
2.44549
2.42288
2.39907
2.37405
2.3489
2.32357
2.29793
2.27188
2.24532
2.21816
2.19028
2.16162
2.13208
2.10161
2.07012
2.03759
2.00163
1.95072
1.88744
1.81952
1.75544
1.70381
1.66522
1.62683
1.58788
1.54859
1.50925
1.47019
1.4318
1.39457
1.35906
1.32597
1.29611
1.27055
1.25062
1.23813
1.2354
1.24573
1.27339
1.32437
1.40609
1.52806
1.70003
1.93214
2.23012
2.59607
3.02009
3.4864
3.96182
4.42087
4.82228
5.13789
5.35011
5.4539
5.45921
5.35442
0.000546313
0.000546255
0.000546208
0.00054617
0.000546143
0.000546136
0.000546194
0.000546475
0.000547922
0.000552819
0.000573228
0.000631684
0.000791816
0.00116882
0.00192225
0.00331291
0.00611111
0.0113679
0.0126899
0.0120175
0.0106698
0.00921308
0.00797424
0.00708212
0.00645964
0.00598667
0.00564223
0.00541578
0.00527471
0.00518916
0.00513533
0.00510794
0.00509822
0.00510287
0.005121
0.00518514
0.00530168
0.00548798
0.00574026
0.00604388
0.0064075
0.00682086
0.00728876
0.00781102
0.00838877
0.0090295
0.00972761
0.0105023
0.0113543
0.0122753
0.0132638
0.0143164
0.0154489
0.0166757
0.0179784
0.0193303
0.0208219
0.0225907
0.0249728
0.0284139
0.0331477
0.0394632
0.0473988
0.0570214
0.0684041
0.0815827
0.0965459
0.113281
0.131804
0.151989
0.173695
0.196998
0.222012
0.248679
0.276837
0.30627
0.336798
0.36837
0.40094
0.434462
0.468741
0.503462
0.538478
0.573771
0.609201
0.644615
0.679878
0.714811
0.749293
0.783103
0.816139
0.848278
0.879428
0.909549
0.938609
0.966482
0.993096
1.01842
1.04246
1.06531
1.08686
1.10713
1.12609
1.1438
1.16031
1.17572
1.19007
1.20338
1.21564
1.22686
1.23705
1.24625
1.25452
1.26188
1.26834
1.27388
1.27839
1.2818
1.2841
1.28527
1.28516
1.28362
1.28073
1.27701
1.27236
1.26678
1.2602
1.25266
1.2442
1.2349
1.22487
1.21438
1.20376
1.19315
1.1825
1.17186
1.16136
1.15094
1.14
1.12856
1.11706
1.10545
1.09369
1.08173
1.06952
1.05702
1.04417
1.03094
1.01728
1.00316
0.988541
0.973378
0.956467
0.932007
0.901416
0.868588
0.837728
0.813087
0.794839
0.776443
0.757545
0.738194
0.718457
0.698421
0.678181
0.657862
0.637588
0.617518
0.597806
0.578642
0.5602
0.542711
0.526384
0.511529
0.498477
0.487789
0.480212
0.477072
0.480321
0.493248
0.520521
0.569034
0.647058
0.764579
0.929441
1.14812
1.41792
1.73166
2.06423
2.39722
2.68985
2.92684
0.000546351
0.000546291
0.000546241
0.0005462
0.000546167
0.00054614
0.000546123
0.00054614
0.000546222
0.000546554
0.000547825
0.000551973
0.000564514
0.000598982
0.00067669
0.000838822
0.00123181
0.00211388
0.00236926
0.00228899
0.00211533
0.00192226
0.00175485
0.00163208
0.00154526
0.00147894
0.00143067
0.00139923
0.00138018
0.0013693
0.00136305
0.00136086
0.00136144
0.00136426
0.00136914
0.00138053
0.00140252
0.00143892
0.00148888
0.00154946
0.00162234
0.00170594
0.00180129
0.00190861
0.00202828
0.00216196
0.00230878
0.00247268
0.00265409
0.00285167
0.00306527
0.00329439
0.00354244
0.00381243
0.00410065
0.00440149
0.00473489
0.00513285
0.00567778
0.00648947
0.00764183
0.00924038
0.0113374
0.0139961
0.0172839
0.0212587
0.0259623
0.0314335
0.0377176
0.0448081
0.0526844
0.0614009
0.0710284
0.0815716
0.0929876
0.1052
0.11814
0.131786
0.146115
0.1611
0.176644
0.192567
0.208783
0.225275
0.241953
0.258722
0.275496
0.292167
0.308659
0.324846
0.340666
0.356048
0.370938
0.38531
0.399144
0.412377
0.424975
0.436922
0.448227
0.45893
0.468991
0.478416
0.487201
0.495372
0.502966
0.510024
0.516573
0.52263
0.528186
0.533255
0.537847
0.541982
0.545689
0.548987
0.55188
0.554361
0.556393
0.557953
0.55903
0.559628
0.559689
0.559151
0.558143
0.556804
0.555099
0.55302
0.550542
0.547682
0.544449
0.540877
0.537006
0.532945
0.528824
0.524701
0.520555
0.516402
0.512298
0.508214
0.503911
0.499392
0.494838
0.490235
0.485562
0.480803
0.475937
0.470949
0.465817
0.46053
0.455064
0.449409
0.443544
0.437455
0.430517
0.419693
0.405738
0.390682
0.376698
0.365985
0.358631
0.351217
0.343563
0.335683
0.327594
0.319325
0.310906
0.302379
0.293786
0.28518
0.276612
0.268141
0.259819
0.251701
0.243828
0.236245
0.22897
0.222032
0.215431
0.209189
0.203311
0.197865
0.192951
0.188849
0.186041
0.18555
0.189083
0.199683
0.221642
0.261029
0.323888
0.416461
0.540295
0.694161
0.00054634
0.000546281
0.000546232
0.000546192
0.000546159
0.000546134
0.000546117
0.000546118
0.000546165
0.000546281
0.000546604
0.000547251
0.000548698
0.000552052
0.000559307
0.000574778
0.000617783
0.00073275
0.000774483
0.000770625
0.000756612
0.00073995
0.000725553
0.000715694
0.000709655
0.000705814
0.00070396
0.000703994
0.000705424
0.000707733
0.000710465
0.000713575
0.000716902
0.000720374
0.000723968
0.000727911
0.000733473
0.000741273
0.000751177
0.000762716
0.000776166
0.000791352
0.000808469
0.000827595
0.000848829
0.000872464
0.000898405
0.000927253
0.000959076
0.000993706
0.00103115
0.00107133
0.00111484
0.00116222
0.0012129
0.00126592
0.00132465
0.0013947
0.00149124
0.00163799
0.00185059
0.00215414
0.0025665
0.00310978
0.0038092
0.00468985
0.00577465
0.00708667
0.00865144
0.0104816
0.012585
0.0149891
0.0177275
0.0208158
0.0242542
0.0280305
0.0321314
0.0365572
0.0413063
0.0463747
0.0517324
0.0573098
0.063074
0.0690223
0.0751184
0.0813223
0.0875962
0.0938932
0.100177
0.106394
0.112511
0.118495
0.124319
0.129966
0.135423
0.140661
0.145663
0.150419
0.154929
0.159207
0.163234
0.167012
0.170538
0.17382
0.176874
0.179714
0.182352
0.184793
0.187035
0.189082
0.190939
0.192614
0.194118
0.19546
0.196642
0.19766
0.198501
0.199154
0.199617
0.19989
0.199951
0.199767
0.199466
0.199059
0.198536
0.197893
0.197122
0.196228
0.195214
0.19409
0.192869
0.191584
0.190279
0.188971
0.187654
0.186331
0.185023
0.183719
0.18234
0.180889
0.179425
0.177943
0.176437
0.174902
0.173332
0.171724
0.170069
0.168364
0.166603
0.164782
0.162895
0.160937
0.158651
0.15475
0.149554
0.143913
0.13874
0.134956
0.132606
0.130251
0.127816
0.125305
0.122722
0.120073
0.117367
0.114614
0.111825
0.109014
0.106196
0.103385
0.100598
0.0978503
0.0951529
0.0925188
0.089953
0.0874613
0.0850402
0.0826877
0.0803913
0.0781441
0.0759287
0.0737371
0.0715523
0.0693745
0.0672003
0.0650621
0.0630149
0.061222
0.0599858
0.0599816
0.0623344
0.0688985
0.00054634
0.000546281
0.000546233
0.000546193
0.000546161
0.000546136
0.00054612
0.000546117
0.000546153
0.000546241
0.000546463
0.000546845
0.000547481
0.000548482
0.000549986
0.000552332
0.000557362
0.000570642
0.000577887
0.000580482
0.000582316
0.000583799
0.000585434
0.00058753
0.000590062
0.00059282
0.000595793
0.000598968
0.000602283
0.000605639
0.000608956
0.000612216
0.000615399
0.000618482
0.000621469
0.000624351
0.000627313
0.000630464
0.000633793
0.000637195
0.000640676
0.000644226
0.000647898
0.000651716
0.000655713
0.000659941
0.000664404
0.000669196
0.000674344
0.000679831
0.000685664
0.000691837
0.000698429
0.000705522
0.000713033
0.000720831
0.00072938
0.000739459
0.000753266
0.00077444
0.000805308
0.000850056
0.000912219
0.000996408
0.00110823
0.00125381
0.00143946
0.00167195
0.00195895
0.00230616
0.00271839
0.00320458
0.00377544
0.00443834
0.00519742
0.00605374
0.00700758
0.00806211
0.00921976
0.0104823
0.0118446
0.0132875
0.014803
0.016393
0.0180479
0.0197563
0.0215072
0.0232864
0.0250821
0.0268772
0.0286605
0.0304202
0.0321461
0.0338318
0.0354713
0.0370544
0.0385739
0.0400256
0.0414078
0.0427239
0.0439669
0.0451365
0.0462305
0.0472513
0.0482026
0.0490889
0.0499128
0.0506763
0.0513777
0.0520187
0.0526001
0.0531245
0.0535953
0.054015
0.0543839
0.0547013
0.0549621
0.0551637
0.0553046
0.0553854
0.0553984
0.0553391
0.0552561
0.0551484
0.0550133
0.05485
0.0546567
0.0544345
0.0541837
0.053907
0.0536071
0.0532921
0.0529719
0.0526508
0.0523268
0.0520015
0.051679
0.0513572
0.0510172
0.0506597
0.0502985
0.0499329
0.0495612
0.0491828
0.0487958
0.0483997
0.0479927
0.0475742
0.0471424
0.0466969
0.0462359
0.045759
0.0451859
0.0441126
0.0426386
0.0410305
0.0395726
0.0385539
0.03799
0.0374304
0.0368521
0.0362555
0.0356412
0.0350104
0.0343642
0.0337046
0.0330333
0.032353
0.031666
0.0309753
0.0302833
0.0295932
0.0289068
0.0282267
0.0275536
0.0268885
0.0262306
0.0255796
0.0249328
0.0242887
0.0236431
0.0229937
0.0223358
0.021667
0.0209822
0.0202797
0.019554
0.0188045
0.0180257
0.0172194
0.0163817
0.0155127
0.000546351
0.000546292
0.000546243
0.000546204
0.000546172
0.000546148
0.000546132
0.000546127
0.000546154
0.000546224
0.000546392
0.000546681
0.000547136
0.000547792
0.000548659
0.000549762
0.000551233
0.000553598
0.000555721
0.000557574
0.000559529
0.000561566
0.000563715
0.000566012
0.00056847
0.000571001
0.0005736
0.000576225
0.000578866
0.000581453
0.000583958
0.000586344
0.000588621
0.000590757
0.000592772
0.000594649
0.000596438
0.000598159
0.000599827
0.000601416
0.000602946
0.000604413
0.00060583
0.0006072
0.000608533
0.000609837
0.000611116
0.000612386
0.000613651
0.000614911
0.000616168
0.000617422
0.000618686
0.000619973
0.00062127
0.000622562
0.000623912
0.000625421
0.000627373
0.000630245
0.000634277
0.000639977
0.000647796
0.000658364
0.000672497
0.000691156
0.000715409
0.000746479
0.000785806
0.000834651
0.000894218
0.000966385
0.00105342
0.00115719
0.00127915
0.00142023
0.00158123
0.00176341
0.00196791
0.00219576
0.00244665
0.00271687
0.00300517
0.00331276
0.00363798
0.00397877
0.0043329
0.00469747
0.00506991
0.00544643
0.00582438
0.00620094
0.0065735
0.00694038
0.00729984
0.00764932
0.00798679
0.00831104
0.00862129
0.0089181
0.00919953
0.00946534
0.00971474
0.00994815
0.0101661
0.0103697
0.0105593
0.0107353
0.0108971
0.0110451
0.0111794
0.0113006
0.0114094
0.0115063
0.0115914
0.0116646
0.0117245
0.0117706
0.0118024
0.0118203
0.0118222
0.0118087
0.0117913
0.0117697
0.0117435
0.0117126
0.0116767
0.0116359
0.0115903
0.0115404
0.0114865
0.0114301
0.0113727
0.011315
0.0112568
0.0111983
0.0111402
0.0110821
0.0110209
0.0109566
0.0108917
0.0108259
0.0107591
0.0106911
0.0106216
0.0105507
0.0104778
0.0104032
0.0103263
0.0102472
0.0101656
0.0100814
0.00997664
0.00975926
0.00945158
0.0091141
0.00881139
0.00860924
0.00851184
0.00841669
0.00831855
0.00821743
0.00811334
0.00800637
0.00789659
0.00778414
0.00766914
0.0075518
0.00743229
0.00731087
0.0071877
0.00706305
0.00693706
0.00680992
0.00668163
0.00655226
0.00642162
0.00628961
0.0061558
0.00601996
0.00588146
0.00573997
0.00559467
0.00544522
0.00529067
0.00513065
0.00496408
0.00479062
0.00460897
0.00441884
0.00421828
0.0040057
0.000546358
0.000546299
0.000546252
0.000546213
0.000546182
0.000546158
0.000546141
0.000546137
0.000546154
0.000546208
0.000546334
0.000546554
0.000546896
0.000547383
0.000548016
0.000548793
0.000549714
0.000550806
0.000551984
0.000553249
0.000554616
0.000556041
0.000557522
0.000559053
0.000560643
0.000562242
0.000563857
0.000565459
0.000567052
0.000568597
0.000570089
0.000571507
0.000572862
0.000574134
0.000575335
0.000576453
0.000577503
0.000578516
0.00057949
0.000580406
0.000581274
0.000582091
0.000582863
0.000583592
0.000584281
0.000584934
0.000585553
0.000586142
0.000586705
0.00058724
0.000587749
0.000588232
0.000588693
0.000589136
0.000589557
0.000589954
0.000590342
0.000590742
0.000591209
0.00059183
0.000592607
0.000593589
0.000594802
0.000596296
0.000598148
0.000600452
0.000603324
0.000606904
0.000611369
0.000616887
0.000623629
0.000631859
0.000641895
0.000654035
0.000668531
0.000685595
0.000705419
0.000728265
0.00075438
0.000784008
0.000817215
0.000853461
0.000892631
0.000935061
0.000980574
0.00102893
0.00107984
0.00113291
0.00118776
0.00124382
0.00130066
0.00135784
0.00141491
0.00147158
0.00152752
0.00158229
0.00163552
0.00168697
0.00173647
0.00178406
0.00182939
0.00187239
0.00191288
0.00195092
0.00198655
0.00201993
0.00205108
0.00208008
0.00210679
0.0021313
0.00215356
0.00217369
0.00219178
0.00220794
0.00222214
0.00223438
0.00224441
0.00225217
0.00225756
0.00226063
0.00226105
0.00225892
0.00225633
0.00225327
0.00224967
0.00224554
0.00224082
0.00223554
0.00222971
0.00222337
0.00221656
0.00220946
0.00220224
0.00219498
0.00218766
0.0021803
0.00217297
0.00216564
0.00215794
0.00214988
0.00214174
0.0021335
0.00212513
0.00211663
0.00210797
0.00209914
0.00209011
0.00208088
0.00207141
0.00206171
0.00205173
0.0020415
0.00202804
0.0019962
0.00194956
0.00189805
0.00185231
0.00182325
0.00181166
0.00180061
0.00178922
0.00177749
0.00176539
0.00175291
0.00174002
0.00172671
0.00171295
0.00169872
0.00168401
0.0016688
0.00165306
0.00163679
0.00161996
0.00160257
0.00158459
0.00156601
0.0015468
0.00152695
0.00150639
0.00148511
0.00146303
0.00144013
0.0014163
0.0013915
0.0013656
0.00133855
0.0013102
0.00128047
0.00124917
0.00121621
0.00118135
0.00114428
0.000546347
0.00054629
0.000546244
0.000546207
0.000546177
0.000546154
0.000546138
0.000546133
0.000546142
0.000546183
0.000546279
0.000546446
0.00054672
0.00054711
0.000547639
0.000548287
0.000549048
0.000549865
0.00055071
0.00055154
0.000552424
0.000553349
0.0005543
0.000555259
0.000556222
0.000557173
0.00055811
0.000559019
0.000559903
0.000560751
0.000561566
0.00056234
0.000563081
0.000563781
0.000564444
0.000565066
0.000565651
0.000566217
0.000566767
0.000567287
0.000567781
0.000568243
0.00056868
0.000569089
0.000569473
0.000569833
0.000570172
0.00057049
0.00057079
0.000571071
0.000571334
0.00057158
0.000571811
0.000572029
0.000572232
0.000572419
0.000572597
0.000572773
0.000572965
0.000573204
0.000573479
0.000573797
0.000574151
0.000574542
0.000574971
0.000575442
0.000575959
0.000576534
0.000577178
0.000577904
0.000578725
0.000579666
0.000580759
0.000582031
0.000583509
0.000585217
0.000587177
0.000589421
0.000591981
0.00059489
0.000598162
0.000601734
0.000605599
0.000609816
0.000614372
0.000619253
0.000624433
0.000629877
0.000635549
0.000641393
0.000647364
0.000653415
0.000659496
0.000665574
0.000671612
0.000677559
0.00068337
0.000689017
0.000694475
0.000699748
0.00070479
0.000709593
0.000714132
0.000718412
0.000722434
0.000726214
0.000729752
0.000733055
0.000736107
0.000738915
0.000741473
0.000743795
0.000745887
0.000747764
0.000749419
0.000750855
0.00075204
0.000752969
0.000753628
0.000754025
0.00075412
0.000753884
0.000753618
0.000753316
0.000752972
0.000752586
0.000752153
0.000751678
0.000751157
0.000750598
0.000750001
0.000749381
0.000748751
0.000748119
0.00074748
0.000746838
0.000746199
0.00074556
0.00074489
0.000744192
0.000743487
0.000742776
0.000742054
0.000741324
0.000740582
0.00073983
0.000739063
0.000738285
0.000737492
0.000736688
0.000735867
0.000735037
0.000733847
0.000730502
0.000725424
0.000719795
0.000714884
0.000711987
0.000711196
0.000710497
0.000709779
0.000709031
0.000708243
0.000707403
0.0007065
0.000705521
0.000704456
0.000703294
0.000702024
0.000700639
0.000699129
0.000697489
0.000695714
0.0006938
0.000691744
0.000689544
0.000687197
0.000684704
0.000682059
0.000679262
0.000676308
0.000673191
0.000669905
0.000666441
0.000662787
0.000658935
0.000654865
0.000650567
0.000646016
0.000641198
0.000636079
0.000630638
0.000546332
0.000546277
0.000546233
0.000546198
0.000546169
0.000546147
0.00054613
0.000546124
0.000546124
0.000546159
0.000546216
0.000546357
0.000546578
0.000546934
0.000547418
0.000548073
0.000548873
0.000549869
0.000551048
0.000552282
0.000553457
0.000554509
0.000555447
0.000556288
0.000557063
0.000557773
0.000558437
0.000559046
0.000559615
0.000560138
0.00056063
0.000561084
0.000561513
0.000561913
0.000562293
0.000562648
0.000562982
0.000563292
0.000563586
0.000563856
0.000564105
0.000564331
0.000564536
0.000564721
0.000564888
0.000565038
0.000565173
0.000565294
0.000565403
0.0005655
0.000565586
0.000565664
0.000565732
0.000565793
0.000565845
0.000565891
0.00056593
0.000565966
0.000566004
0.000566057
0.000566121
0.000566196
0.000566281
0.000566374
0.000566474
0.000566581
0.000566693
0.000566811
0.000566936
0.000567066
0.000567202
0.000567346
0.0005675
0.000567666
0.000567845
0.000568037
0.000568244
0.000568469
0.000568713
0.00056898
0.000569269
0.000569574
0.000569892
0.000570234
0.000570596
0.000570981
0.000571384
0.000571806
0.000572242
0.00057269
0.000573146
0.000573608
0.000574071
0.000574534
0.000574994
0.000575448
0.000575891
0.000576323
0.00057674
0.000577144
0.000577531
0.000577901
0.00057825
0.000578581
0.000578892
0.000579185
0.00057946
0.000579718
0.000579957
0.000580178
0.00058038
0.000580564
0.000580731
0.000580883
0.000581017
0.000581136
0.000581235
0.000581315
0.000581375
0.000581415
0.000581432
0.000581424
0.00058141
0.000581395
0.000581377
0.000581358
0.000581336
0.000581314
0.000581289
0.000581263
0.000581235
0.000581208
0.00058118
0.000581155
0.00058113
0.000581107
0.000581086
0.000581068
0.000581049
0.000581033
0.000581018
0.000581009
0.000581002
0.000581001
0.000581004
0.000581016
0.000581035
0.000581067
0.000581109
0.000581169
0.000581246
0.000581352
0.00058145
0.000581363
0.000581153
0.00058096
0.000580906
0.00058104
0.000581277
0.000581468
0.000581617
0.000581727
0.000581797
0.000581826
0.000581813
0.000581756
0.000581656
0.00058151
0.000581319
0.000581082
0.000580799
0.000580471
0.000580099
0.000579682
0.000579224
0.000578723
0.000578182
0.000577599
0.000576975
0.00057631
0.000575602
0.000574849
0.000574051
0.000573204
0.000572306
0.000571356
0.00057035
0.000569286
0.000568161
0.000566972
0.000565716
0.000564387
0.000546316
0.000546264
0.000546222
0.000546189
0.000546162
0.00054614
0.000546123
0.000546112
0.000546109
0.000546121
0.000546159
0.000546266
0.000546462
0.000546865
0.000547579
0.000548896
0.000550888
0.000552691
0.000553788
0.000554682
0.000555775
0.000556961
0.000557965
0.00055885
0.0005596
0.000560252
0.00056081
0.00056129
0.000561684
0.000562023
0.000562343
0.000562624
0.000562881
0.000563122
0.000563346
0.000563565
0.000563782
0.000563974
0.000564147
0.000564288
0.0005644
0.000564491
0.00056456
0.000564609
0.000564641
0.000564659
0.000564662
0.000564655
0.000564638
0.000564613
0.000564582
0.000564546
0.000564507
0.000564465
0.000564423
0.00056438
0.000564341
0.000564304
0.000564277
0.00056426
0.000564243
0.000564229
0.000564217
0.000564207
0.000564199
0.000564193
0.000564186
0.000564181
0.000564176
0.000564172
0.000564168
0.000564165
0.000564163
0.000564162
0.000564162
0.000564163
0.000564165
0.000564168
0.000564172
0.000564177
0.000564184
0.00056419
0.000564197
0.000564205
0.000564216
0.000564227
0.00056424
0.000564254
0.000564269
0.000564285
0.000564301
0.000564318
0.000564335
0.000564353
0.00056437
0.000564388
0.000564405
0.000564421
0.000564438
0.000564453
0.000564469
0.000564484
0.000564498
0.000564511
0.000564524
0.000564536
0.000564548
0.000564559
0.00056457
0.00056458
0.00056459
0.000564599
0.000564608
0.000564616
0.000564624
0.000564632
0.000564639
0.000564645
0.000564651
0.000564657
0.000564661
0.000564665
0.000564669
0.000564673
0.000564679
0.000564686
0.000564694
0.000564704
0.000564715
0.000564728
0.000564742
0.000564757
0.000564773
0.00056479
0.000564809
0.000564828
0.000564848
0.00056487
0.000564895
0.000564922
0.000564951
0.000564984
0.00056502
0.00056506
0.000565107
0.00056516
0.000565223
0.000565298
0.000565387
0.000565493
0.000565622
0.000565782
0.000565994
0.00056646
0.000567337
0.000568867
0.000571003
0.000573323
0.00057506
0.000576314
0.000577202
0.000577895
0.000578421
0.00057879
0.000579026
0.00057915
0.000579178
0.000579122
0.000578992
0.000578797
0.000578544
0.000578239
0.000577887
0.000577492
0.000577057
0.000576583
0.000576072
0.000575524
0.000574938
0.000574314
0.000573649
0.000572943
0.000572191
0.000571393
0.000570544
0.000569643
0.000568685
0.000567667
0.000566585
0.000565436
0.000564216
0.000562921
0.000546307
0.000546256
0.000546217
0.000546185
0.00054616
0.000546139
0.000546122
0.000546108
0.000546099
0.000546099
0.000546123
0.00054619
0.000546375
0.000546742
0.000547512
0.000548654
0.000552277
0.00056419
0.000579117
0.000590382
0.00059226
0.00059184
0.000591367
0.000590949
0.000590605
0.000590308
0.000590068
0.000589907
0.000589806
0.000589668
0.000589346
0.000589006
0.000588686
0.000588383
0.000588087
0.0005878
0.000587524
0.000587359
0.00058732
0.000587276
0.000587181
0.000587058
0.00058691
0.000586741
0.000586551
0.000586343
0.000586119
0.000585881
0.000585632
0.000585373
0.000585107
0.000584836
0.000584563
0.000584288
0.000584017
0.000583749
0.000583491
0.000583238
0.000583006
0.000582824
0.000582671
0.000582522
0.000582371
0.000582224
0.000582079
0.000581934
0.000581789
0.000581644
0.0005815
0.000581358
0.000581217
0.000581078
0.000580941
0.000580805
0.000580671
0.000580539
0.000580409
0.000580281
0.000580156
0.000580033
0.000579912
0.000579802
0.000579721
0.000579653
0.00057958
0.000579507
0.000579436
0.000579368
0.000579301
0.000579235
0.000579171
0.000579109
0.000579048
0.000578988
0.00057893
0.000578873
0.000578817
0.000578762
0.000578708
0.000578655
0.000578602
0.000578551
0.0005785
0.000578449
0.000578398
0.000578348
0.000578298
0.000578248
0.000578198
0.000578148
0.000578098
0.000578048
0.000577997
0.000577945
0.000577894
0.000577841
0.000577788
0.000577735
0.00057768
0.000577625
0.000577569
0.000577512
0.000577454
0.000577395
0.000577335
0.000577273
0.00057721
0.000577144
0.000577077
0.000577008
0.000576938
0.000576865
0.00057679
0.000576713
0.000576634
0.000576553
0.00057647
0.000576386
0.000576299
0.000576211
0.000576122
0.000576033
0.000575941
0.000575852
0.000575762
0.000575676
0.000575589
0.00057551
0.000575434
0.00057537
0.000575319
0.000575301
0.000575734
0.000581745
0.000593407
0.000607528
0.000620352
0.000626734
0.000627378
0.000629378
0.00063017
0.000630176
0.000630067
0.000629833
0.000629437
0.000628914
0.000628292
0.000627584
0.000626803
0.000625957
0.000625051
0.000624092
0.000623079
0.000622015
0.000620898
0.000619725
0.000618493
0.000617197
0.000615831
0.000614388
0.000612861
0.000611242
0.000609522
0.000607693
0.000605744
0.000603665
0.000601444
0.000599069
0.000596527
0.000593801
0.000590878
0.000587739
)
;

boundaryField
{
    back
    {
        type            empty;
    }
    down
    {
        type            fixedValue;
        value           uniform 1e-08;
    }
    front
    {
        type            empty;
    }
    inlet
    {
        type            timeVaryingMappedFixedValue;
        fieldTable      k;
        value           nonuniform List<scalar> 
54
(
0.000546372
0.000546383
0.000546401
0.000546417
0.000546429
0.000546423
0.000546412
0.000546411
0.000546423
0.000546382
0.000546349
0.000546101
0.000546705
0.000545942
0.000749827
0.156817
1.17773
2.15694
2.93705
3.54537
4.01879
4.38798
4.67764
4.9048
5.08351
5.22414
5.33182
5.41828
5.48349
5.53038
5.56155
5.58404
5.59273
5.59182
5.56574
5.53599
5.50949
5.44966
5.32837
5.19858
5.12815
4.70154
4.04817
3.49317
3.01923
2.49322
2.04135
1.65053
1.30947
1.01204
0.759595
0.528764
0.301599
0.0838427
)
;
    }
    outlet
    {
        type            zeroGradient;
    }
    up
    {
        type            zeroGradient;
    }
}


// ************************************************************************* //
