/*--------------------------------*- C++ -*----------------------------------*\
| =========                 |                                                 |
| \\      /  F ield         | OpenFOAM: The Open Source CFD Toolbox           |
|  \\    /   O peration     | Version:  2212                                  |
|   \\  /    A nd           | Website:  www.openfoam.com                      |
|    \\/     M anipulation  |                                                 |
\*---------------------------------------------------------------------------*/
FoamFile
{
    version     2.0;
    format      ascii;
    arch        "LSB;label=32;scalar=64";
    class       volScalarField;
    location    "5000";
    object      omega;
}
// * * * * * * * * * * * * * * * * * * * * * * * * * * * * * * * * * * * * * //

dimensions      [0 0 -1 0 0 0 0];

internalField   nonuniform List<scalar> 
10368
(
2.7246e+07
2.72461e+07
2.72461e+07
2.72461e+07
2.72461e+07
2.72461e+07
2.72461e+07
2.72461e+07
2.72461e+07
2.72461e+07
2.7246e+07
2.7246e+07
2.72459e+07
2.72459e+07
2.72458e+07
2.72474e+07
2.73324e+07
2.75815e+07
2.4768e+07
2.42951e+07
2.56319e+07
2.72674e+07
2.83458e+07
2.88033e+07
2.9372e+07
3.00959e+07
3.08156e+07
3.15473e+07
3.22731e+07
3.29583e+07
3.35814e+07
3.41479e+07
3.46674e+07
3.51586e+07
3.56272e+07
3.60713e+07
3.64892e+07
3.68876e+07
3.72744e+07
3.76401e+07
3.79882e+07
3.82926e+07
3.85726e+07
3.88227e+07
3.9041e+07
3.92405e+07
3.93958e+07
3.95509e+07
3.96693e+07
3.97396e+07
3.97715e+07
3.97653e+07
3.97506e+07
3.97251e+07
3.96285e+07
3.94523e+07
3.93985e+07
3.95707e+07
4.00335e+07
4.09556e+07
4.26121e+07
4.48451e+07
4.669e+07
4.81199e+07
4.9147e+07
4.97032e+07
4.97421e+07
4.9397e+07
4.88721e+07
4.79461e+07
4.67615e+07
4.57985e+07
4.5049e+07
4.42291e+07
4.32538e+07
4.21348e+07
4.09807e+07
3.99307e+07
3.8967e+07
3.80769e+07
3.71708e+07
3.6287e+07
3.54334e+07
3.4628e+07
3.38724e+07
3.31654e+07
3.25135e+07
3.19052e+07
3.13535e+07
3.08397e+07
3.03824e+07
2.99733e+07
2.96114e+07
2.92952e+07
2.90188e+07
2.87728e+07
2.85576e+07
2.8371e+07
2.821e+07
2.80714e+07
2.79501e+07
2.78451e+07
2.77547e+07
2.76762e+07
2.76071e+07
2.75449e+07
2.74887e+07
2.74378e+07
2.7393e+07
2.73526e+07
2.73162e+07
2.72823e+07
2.72493e+07
2.72179e+07
2.71886e+07
2.71631e+07
2.71448e+07
2.71329e+07
2.71259e+07
2.71227e+07
2.71318e+07
2.71567e+07
2.72015e+07
2.72611e+07
2.73444e+07
2.7446e+07
2.75722e+07
2.77093e+07
2.78592e+07
2.801e+07
2.81541e+07
2.82485e+07
2.8266e+07
2.82506e+07
2.82473e+07
2.82346e+07
2.81785e+07
2.81426e+07
2.82798e+07
2.84269e+07
2.84269e+07
2.84268e+07
2.84269e+07
2.84269e+07
2.84269e+07
2.84269e+07
2.84269e+07
2.84269e+07
2.84269e+07
2.8427e+07
2.8427e+07
2.8427e+07
2.84167e+07
2.83298e+07
2.81198e+07
2.78302e+07
2.75367e+07
2.7326e+07
2.72492e+07
2.72458e+07
2.72458e+07
2.72458e+07
2.72458e+07
2.72459e+07
2.72459e+07
2.72459e+07
2.72459e+07
2.72459e+07
2.72459e+07
2.72459e+07
2.7246e+07
2.7246e+07
2.7246e+07
2.7246e+07
2.7246e+07
2.7246e+07
2.72461e+07
2.72461e+07
2.72461e+07
2.72461e+07
2.72461e+07
2.72461e+07
2.72461e+07
2.72461e+07
2.72461e+07
2.72461e+07
2.72461e+07
2.72461e+07
2.72461e+07
2.7246e+07
2.7246e+07
2.7246e+07
4.64219e+06
4.63947e+06
4.63928e+06
4.63902e+06
4.63885e+06
4.63863e+06
4.63842e+06
4.63809e+06
4.63769e+06
4.63706e+06
4.63634e+06
4.63531e+06
4.63433e+06
4.63311e+06
4.63213e+06
4.63143e+06
4.64552e+06
4.68777e+06
4.20945e+06
4.12931e+06
4.35891e+06
4.64409e+06
4.83769e+06
4.92332e+06
5.02362e+06
5.14982e+06
5.27454e+06
5.39898e+06
5.52096e+06
5.63616e+06
5.74087e+06
5.83634e+06
5.92399e+06
6.00723e+06
6.08635e+06
6.16145e+06
6.23176e+06
6.29903e+06
6.36394e+06
6.42555e+06
6.48366e+06
6.53465e+06
6.58121e+06
6.62289e+06
6.65889e+06
6.69181e+06
6.71697e+06
6.74213e+06
6.76053e+06
6.77089e+06
6.77456e+06
6.77182e+06
6.76741e+06
6.76084e+06
6.74205e+06
6.71026e+06
6.69963e+06
6.7271e+06
6.80403e+06
6.95931e+06
7.24011e+06
7.61951e+06
7.93328e+06
8.17655e+06
8.35128e+06
8.446e+06
8.45293e+06
8.39448e+06
8.30547e+06
8.14835e+06
7.94709e+06
7.78333e+06
7.65596e+06
7.51671e+06
7.35107e+06
7.16098e+06
6.96484e+06
6.78637e+06
6.62256e+06
6.47129e+06
6.31732e+06
6.1671e+06
6.02204e+06
5.88516e+06
5.75676e+06
5.63661e+06
5.5258e+06
5.42241e+06
5.32865e+06
5.24134e+06
5.16362e+06
5.09409e+06
5.03257e+06
4.97885e+06
4.93188e+06
4.89007e+06
4.8535e+06
4.82179e+06
4.79443e+06
4.77088e+06
4.75028e+06
4.73245e+06
4.7171e+06
4.70377e+06
4.69203e+06
4.68149e+06
4.67195e+06
4.66332e+06
4.65573e+06
4.64889e+06
4.64271e+06
4.63699e+06
4.6314e+06
4.62609e+06
4.62115e+06
4.61684e+06
4.61377e+06
4.61177e+06
4.61062e+06
4.61011e+06
4.61169e+06
4.61595e+06
4.6236e+06
4.63377e+06
4.64796e+06
4.66527e+06
4.68676e+06
4.71009e+06
4.73561e+06
4.76128e+06
4.78584e+06
4.80193e+06
4.80495e+06
4.80238e+06
4.80187e+06
4.79978e+06
4.79028e+06
4.7842e+06
4.80756e+06
4.83261e+06
4.83265e+06
4.83267e+06
4.8327e+06
4.83273e+06
4.83275e+06
4.83277e+06
4.83278e+06
4.83279e+06
4.83279e+06
4.83278e+06
4.83277e+06
4.83274e+06
4.83093e+06
4.81611e+06
4.78035e+06
4.73105e+06
4.68106e+06
4.64512e+06
4.6319e+06
4.63113e+06
4.63091e+06
4.63067e+06
4.63043e+06
4.63021e+06
4.63002e+06
4.6299e+06
4.62988e+06
4.62998e+06
4.63024e+06
4.63067e+06
4.63127e+06
4.632e+06
4.63281e+06
4.63365e+06
4.63445e+06
4.63518e+06
4.6358e+06
4.63632e+06
4.63672e+06
4.63705e+06
4.63726e+06
4.63744e+06
4.63754e+06
4.63763e+06
4.63764e+06
4.63768e+06
4.63764e+06
4.63764e+06
4.63757e+06
4.63755e+06
4.63745e+06
4.63747e+06
1.55345e+06
1.54519e+06
1.54467e+06
1.54396e+06
1.54348e+06
1.54288e+06
1.54231e+06
1.54143e+06
1.54034e+06
1.53859e+06
1.53663e+06
1.53374e+06
1.53097e+06
1.52749e+06
1.5246e+06
1.52171e+06
1.52525e+06
1.53806e+06
1.38053e+06
1.35541e+06
1.43668e+06
1.5467e+06
1.63342e+06
1.67909e+06
1.72077e+06
1.7693e+06
1.81552e+06
1.85724e+06
1.89492e+06
1.93041e+06
1.96245e+06
1.9922e+06
2.01965e+06
2.04656e+06
2.07149e+06
2.09544e+06
2.11709e+06
2.1383e+06
2.15789e+06
2.17701e+06
2.19385e+06
2.209e+06
2.22203e+06
2.23397e+06
2.24332e+06
2.25198e+06
2.25747e+06
2.26308e+06
2.26522e+06
2.26496e+06
2.26207e+06
2.25715e+06
2.25108e+06
2.24337e+06
2.23115e+06
2.21567e+06
2.20753e+06
2.21159e+06
2.23364e+06
2.28307e+06
2.37469e+06
2.4991e+06
2.6021e+06
2.68197e+06
2.73926e+06
2.77026e+06
2.77262e+06
2.75356e+06
2.72446e+06
2.673e+06
2.60702e+06
2.5533e+06
2.51151e+06
2.46585e+06
2.41154e+06
2.34922e+06
2.28489e+06
2.22635e+06
2.17262e+06
2.123e+06
2.0725e+06
2.02323e+06
1.97565e+06
1.93077e+06
1.88866e+06
1.84926e+06
1.81292e+06
1.77902e+06
1.74827e+06
1.71965e+06
1.69417e+06
1.67138e+06
1.65123e+06
1.63363e+06
1.61825e+06
1.60456e+06
1.5926e+06
1.58223e+06
1.5733e+06
1.5656e+06
1.55888e+06
1.55308e+06
1.54808e+06
1.54376e+06
1.53996e+06
1.53656e+06
1.53348e+06
1.53071e+06
1.52827e+06
1.52609e+06
1.52413e+06
1.52233e+06
1.52057e+06
1.5189e+06
1.51736e+06
1.51602e+06
1.51509e+06
1.51451e+06
1.51421e+06
1.51412e+06
1.51471e+06
1.51617e+06
1.51875e+06
1.52215e+06
1.52687e+06
1.53262e+06
1.53976e+06
1.5475e+06
1.55597e+06
1.56452e+06
1.57272e+06
1.57819e+06
1.5794e+06
1.57871e+06
1.57866e+06
1.57814e+06
1.57513e+06
1.5731e+06
1.58075e+06
1.58912e+06
1.58932e+06
1.58937e+06
1.58946e+06
1.58952e+06
1.58957e+06
1.58961e+06
1.58963e+06
1.58963e+06
1.58961e+06
1.58956e+06
1.58949e+06
1.58938e+06
1.58865e+06
1.58362e+06
1.57169e+06
1.55527e+06
1.53858e+06
1.52642e+06
1.52164e+06
1.52089e+06
1.52025e+06
1.51959e+06
1.51893e+06
1.51832e+06
1.51783e+06
1.51752e+06
1.51748e+06
1.5178e+06
1.51855e+06
1.51979e+06
1.52151e+06
1.52362e+06
1.52597e+06
1.52842e+06
1.53077e+06
1.5329e+06
1.53472e+06
1.53626e+06
1.53744e+06
1.53839e+06
1.53904e+06
1.53956e+06
1.53984e+06
1.54011e+06
1.54016e+06
1.54027e+06
1.54016e+06
1.54018e+06
1.53997e+06
1.53995e+06
1.53968e+06
1.53972e+06
742651
731211
730345
729158
728349
727327
726364
724857
722987
719955
716515
711323
706256
699666
694020
687987
687412
690971
619276
610114
655712
728194
797674
838685
867582
896859
923129
943582
958951
973128
985669
997838
1.00919e+06
1.02122e+06
1.0317e+06
1.04208e+06
1.05061e+06
1.05951e+06
1.06675e+06
1.07442e+06
1.07978e+06
1.08503e+06
1.08852e+06
1.09206e+06
1.09355e+06
1.09507e+06
1.09432e+06
1.0938e+06
1.09006e+06
1.08537e+06
1.07877e+06
1.07122e+06
1.06221e+06
1.0509e+06
1.03631e+06
1.02111e+06
1.00913e+06
1.00137e+06
1.0051e+06
1.02532e+06
1.06616e+06
1.12212e+06
1.16843e+06
1.20434e+06
1.22995e+06
1.24369e+06
1.24479e+06
1.23633e+06
1.22333e+06
1.20029e+06
1.1707e+06
1.1466e+06
1.12785e+06
1.10736e+06
1.08299e+06
1.05503e+06
1.02617e+06
999904
975799
953533
930877
908776
887435
867303
848421
830754
814462
799269
785493
772675
761275
751085
742081
734230
727373
721280
715964
711374
707432
704045
701096
698564
696402
694549
692936
691501
690216
689067
688078
687207
686444
685755
685093
684472
683906
683431
683138
683011
683010
683090
683466
684231
685495
687129
689358
692052
695381
699002
702969
706997
710919
713654
714534
714461
714620
714608
713399
712443
715861
719800
720142
720225
720344
720421
720474
720496
720486
720436
720343
720199
720001
719732
719127
716535
710782
702942
694890
688772
685876
684699
683509
682286
681089
680012
679154
678645
678630
679266
680700
683041
686298
690341
694895
699653
704244
708425
711981
714978
717291
719133
720390
721401
721959
722475
722586
722811
722636
722683
722328
722285
721819
721901
436529
429576
428620
427287
426375
425216
424117
422380
420201
416600
412428
405900
399276
390167
381885
372303
368721
367054
327661
325565
359962
419605
482323
518357
540717
560896
578276
590787
598590
605487
611481
617642
623481
630230
635805
641499
645705
650425
653702
657593
659454
661572
662231
663222
662529
662037
659723
657713
652738
647169
639913
632008
622541
610288
594312
577819
562052
544844
536565
543880
565335
595366
620101
639207
652643
659689
660278
655888
649074
636902
621244
608499
598572
587719
574809
560004
544723
530819
518063
506275
494284
482591
471303
460658
450678
441344
432741
424725
417461
410713
404722
399378
394671
390579
387014
383859
381124
378781
376789
375089
373624
372388
371355
370495
369768
369139
368591
368118
367735
367423
367176
366976
366795
366637
366506
366419
366427
366527
366690
366885
367222
367758
368557
369552
370862
372429
374346
376440
378741
381110
383469
385234
386094
386275
386540
386738
386182
385589
387386
389650
390040
390093
390181
390208
390198
390139
390030
389859
389626
389315
388924
388431
387692
385832
382219
377411
372403
368327
365877
364272
362611
360940
359341
357935
356848
356243
356304
357238
359261
362556
367172
372958
379524
386416
393081
399148
404300
408618
411946
414575
416390
417823
418645
419370
419578
419897
419730
419807
419412
419367
418832
418933
289455
286213
285391
284225
283429
282411
281438
279891
277932
274645
270782
264543
258001
248474
239186
227169
221158
215310
190514
192167
220526
268349
323649
353772
371858
386710
399124
407929
412783
416712
420058
423682
427166
431508
435027
438707
441248
444249
446064
448466
449245
450306
450220
450501
449469
448665
446442
444593
440320
435550
429389
422805
415029
404778
390701
375654
360109
338019
319604
317863
329821
347984
362769
374048
381729
385557
385915
383459
379561
372505
363399
356002
350231
343908
336386
327768
318876
310791
303378
296523
289552
282760
276208
270033
264249
258845
253870
249242
245056
241179
237752
234708
232045
229746
227755
226009
224516
223262
222217
221342
220607
220013
219546
219190
218916
218703
218537
218417
218355
218343
218374
218440
218519
218608
218708
218826
218997
219220
219472
219726
220044
220472
221051
221742
222619
223655
224911
226290
227811
229404
231026
232319
233132
233323
233566
233772
233387
232889
233927
235381
235666
235606
235582
235492
235357
235167
234919
234599
234213
233735
233175
232504
231639
230068
227416
224011
220443
217374
215218
213527
211789
210074
208462
207072
206031
205500
205664
206742
208962
212527
217510
223784
230975
238624
246134
253066
259026
264051
267963
271050
273234
274929
275950
276803
277125
277507
277422
277529
277212
277183
276725
276822
206011
203896
203245
202312
201676
200862
200081
198833
197248
194559
191388
186153
180589
172170
163608
151358
144103
134879
117468
120935
143347
178470
225794
252225
268123
280056
289654
296515
300068
302517
304480
306709
308870
311807
314185
316740
318411
320476
321616
323272
323679
324312
324057
324144
323233
322551
320777
319439
316266
312660
307969
302948
297205
289669
278723
266602
254157
232998
208343
198206
203817
215748
225426
232626
237218
239284
239552
238163
235842
231531
225936
221414
217874
213980
209341
204036
198569
193604
189059
184849
180571
176407
172396
168622
165091
161799
158775
155970
153442
151114
149072
147274
145720
144394
143259
142281
141468
140811
140285
139861
139527
139286
139132
139052
139027
139038
139077
139143
139249
139391
139563
139758
139958
140155
140350
140546
140768
141019
141273
141509
141768
142093
142508
142994
143595
144306
145167
146118
147172
148290
149444
150401
151021
151068
151193
151281
150869
150399
151053
152037
152136
151964
151831
151646
151424
151155
150837
150460
150027
149517
148944
148283
147480
146224
144284
141870
139354
137143
135489
134115
132714
131342
130063
128974
128184
127830
128078
129108
131098
134198
138473
143873
150172
157067
164079
170788
176754
181917
186044
189354
191782
193659
194845
195798
196236
196673
196689
196831
196623
196618
196278
196364
152546
150683
150165
149435
148937
148302
147693
146719
145486
143376
140905
136765
132326
125397
118253
107264
100089
88956.8
75800.1
79759.5
96370.4
120224
158359
183010
198008
208506
216558
222374
225432
227139
228323
229707
231036
233052
234707
236550
237698
239181
239935
241139
241386
241802
241516
241541
240799
240288
238920
238025
235782
233170
229712
226063
222082
217040
209156
199998
191173
173955
148125
131100
130948
138759
145541
150466
153270
154307
154585
153868
152492
149796
146258
143426
141196
138724
135768
132399
128935
125797
122928
120265
117559
114931
112406
110033
107818
105758
103873
102132
100571
99146.6
97912.1
96839.2
95928.1
95163.8
94520.3
93980.9
93551.5
93230.7
92987.8
92806.7
92683.4
92625.5
92626.7
92679.1
92764.3
92869.4
92987.2
93121.8
93283
93469.4
93675
93892.9
94106.5
94308.3
94498.5
94681.6
94876.2
95084.7
95282.5
95452.8
95629.2
95851.3
96133.8
96465
96875.9
97368.9
97968.5
98637.5
99380.2
100176
101000
101708
102079
102007
102039
102028
101615
101237
101711
102416
102395
102210
102065
101887
101686
101453
101189
100885
100542
100152
99719.7
99227.7
98641.7
97767.7
96459.6
94857.1
93197.6
91735.5
90625.9
89690.6
88736
87801.1
86930.4
86197.1
85686.7
85507.5
85786.2
86652.8
88224
90589.2
93791.3
97826.2
102599
107975
113667
119375
124701
129515
133528
136856
139360
141334
142644
143680
144226
144716
144828
145009
144898
144920
144684
144762
115933
114035
113606
113030
112637
112137
111660
110899
109944
108294
106388
103145
99701.8
94218.8
88517.9
79277.5
72893.6
61569.4
51303.2
54912.9
66698.7
82257.8
109553
133105
147794
157751
165030
170289
173265
174645
175397
176250
177030
178405
179565
180922
181729
182819
183333
184232
184404
184700
184429
184436
183846
183489
182445
181883
180359
178540
176050
173475
170816
167695
162414
155861
150166
137537
113779
92976
87410
91542.7
96264.2
99789.3
101504
101938
102303
102063
101305
99628.4
97375.7
95606.4
94192.4
92606.5
90694.5
88527
86304
84298.6
82467.2
80756.8
79019.3
77337.4
75723.8
74209.8
72799.1
71490.3
70296.4
69198.9
68221.4
67340
66586.5
65941
65403.5
64958.7
64589.8
64291.5
64067.5
63921.2
63815.6
63747
63717.5
63734.9
63793.8
63887.3
63999.2
64120.3
64246
64382.8
64539.1
64713.7
64899.9
65091.4
65273.8
65441.1
65595
65740.7
65892.8
66052.5
66197.2
66316.6
66439
66599.2
66804.3
67047.9
67350.8
67718.3
68164.6
68664.2
69217.3
69811
70423.3
70965.6
71159
71070.8
71083.9
71053.2
70725.2
70496
70891.5
71429.5
71389.3
71267.9
71179.7
71074.7
70956.6
70819.9
70664
70481.9
70276
70043.7
69783.7
69484.9
69123.1
68574.7
67744.7
66726
65673.1
64750.5
64056.6
63474.3
62876.7
62289.7
61744.8
61295
61002.9
60946.1
61214
61894.3
63062
64769
67039.6
69879.4
73251
77111.4
81320.7
85720.3
90031.2
94130.3
97727.1
100813
103232
105226
106627
107740
108388
108940
109139
109365
109333
109384
109231
109305
89770.4
87806.8
87434.3
86976.1
86660
86260.2
85884.4
85284
84543.6
83249.5
81784.7
79249.3
76612.1
72334.7
67933.4
60426.3
55031.1
44696.2
36586.3
39427.7
47640.2
57730
75337.8
96176.6
110527
120416
127385
132359
135461
136758
137296
137822
138237
139155
139960
140968
141543
142356
142710
143391
143526
143750
143510
143514
143048
142815
142021
141693
140697
139491
137744
135986
134276
132537
129281
124875
121651
113267
92918.5
71153
61357.7
62006.5
64806.7
67231.4
68224.8
68313.4
68787.8
68905.3
68579
67583.2
66176.9
65105.8
64216.9
63205.9
61966.8
60573.5
59147.3
57866.3
56692.1
55582.6
54455.3
53367.1
52323.6
51343.6
50430.5
49583.7
48813.3
48107.9
47484
46929.5
46461.8
46066.8
45743.8
45478.6
45261.8
45095.2
44979.8
44922.7
44882.3
44866.2
44878.8
44927
45004.9
45106.5
45218.2
45333.9
45451.5
45577.9
45719.8
45875.4
46038.1
46202.3
46356.5
46497
46626.6
46750.6
46880.2
47014.8
47136.4
47239.4
47347.7
47488.3
47664.5
47872.5
48126.2
48430.9
48794.1
49197.8
49640.2
50112.3
50596.2
51018.7
51129.6
51082.3
51116.9
51108.9
50894.5
50801.5
51151.7
51579.9
51564.2
51515.1
51491.6
51458.9
51419.4
51367.5
51302.8
51220.9
51126.5
51014.9
50884.6
50728.1
50527.7
50202.1
49687.1
49045.6
48381.9
47807.1
47387
47042.6
46687
46337.6
46016.4
45760.7
45614.2
45629.7
45867.6
46386.6
47236.6
48449.7
50039
52008.3
54338.4
57018.7
59985.5
63172.3
66416.6
69646.4
72630.5
75312.6
77475.5
79359.7
80775.9
81934.4
82668.1
83280.6
83558.2
83833.7
83866.8
83950.3
83861.5
83936.4
70487.8
68560.3
68226.4
67857
67598.5
67274.1
66974.6
66497.5
65922
64903.9
63781
61801.4
59801.2
56491.7
53182.3
47222.9
42787.1
33930.9
27429.7
29422
35126.9
41718.1
52563.8
68802.4
82331.7
92299.7
99199.3
104026
107329
108678
109143
109482
109659
110249
110796
111545
111956
112566
112813
113332
113446
113628
113423
113432
113065
112926
112327
112157
111538
110795
109609
108464
107416
106622
104855
102139
100725
95999.4
79424.8
58325.4
45813.5
43555.7
44545.7
45908.5
46350.6
46223.7
46729.8
47078.8
47054.1
46526.6
45696.1
45089.8
44539.8
43904.7
43108.6
42221.2
41311.3
40495
39736.9
39006.4
38265
37552
36867.8
36223.6
35623.1
35067.1
34563.6
34105.9
33705.9
33358
33070.2
32832.2
32643
32490.4
32370.4
32287.5
32240.8
32239.3
32240.5
32259.7
32301
32369.7
32459.5
32565.2
32675.9
32788.5
32902.4
33023.7
33157.4
33300.8
33448.2
33595
33732.4
33858.9
33978.1
34094.2
34216.2
34341.7
34457.6
34561.5
34673.2
34811.7
34978.5
35171.3
35399.7
35667.7
35979.2
36321.1
36690.7
37081.7
37476.6
37804
37886.9
37883.6
37940.4
37958.5
37837.8
37837
38147
38493.3
38503.9
38504.9
38525.1
38540.1
38551.6
38553.4
38546.6
38529.1
38504.5
38468.1
38418.6
38350.9
38251.7
38065.9
37748.2
37342.5
36922.2
36565.3
36318.1
36125.6
35925.8
35730.1
35553.6
35422.2
35365.8
35419.2
35623.1
36016.6
36634.1
37496.8
38611.7
39980.1
41589.1
43436.1
45490.4
47729.6
50066.5
52475.5
54800.6
56996.3
58846.4
60494.8
61818.5
62955.6
63736.2
64395
64739.7
65064.5
65152.7
65270.9
65232.9
65313
55880.4
54168.4
53867.1
53565.4
53351.3
53085.1
52844.8
52463.6
52017
51216.2
50360.1
48821.2
47320.8
44779.5
42345.6
37703.5
34122.1
26789.3
21468.7
22704.3
26668.7
31024.9
37627.7
48988
60857.2
70614.2
77604.3
82512.9
85987.2
87427.5
87903.5
88149.7
88178.5
88535
88892.4
89442.7
89735.4
90192
90364.5
90759.7
90860.4
91014.7
90847
90863.3
90575.9
90505.7
90058.8
89993.6
89632.8
89231.9
88464.2
87779.7
87187.2
87017
86285.4
84866.3
84701.1
82935.8
70161.3
50533
36462.1
32079.6
31559.8
31968.6
31963.6
31675.6
32076.4
32494.9
32648.2
32432.8
31990.3
31681.9
31346.1
30948.8
30446.3
29889.5
29313.1
28793.4
28300.3
27813.8
27323.7
26855.9
26407.8
25985.8
25594
25233.6
24911.1
24622.4
24376.1
24169.2
24004.5
23874.3
23777.4
23703.9
23652.9
23629.7
23631.8
23668
23700.3
23746.1
23809.2
23892.8
23990.5
24098.2
24207.6
24317.6
24428.9
24546.2
24673.1
24806.2
24941.1
25074.3
25198.9
25315.7
25427.6
25538.4
25654.9
25773.8
25886.1
25991.3
26105.9
26242
26401
26580.8
26788.7
27027.1
27298.1
27591.5
27904.9
28232.6
28555.4
28809.1
28881.8
28907.2
28975.1
29009.7
28953.2
29004.9
29275
29556.3
29583.6
29612.6
29656
29696.9
29735.3
29766.3
29791.1
29810.8
29825.2
29831.5
29828.7
29812.9
29774.1
29674.1
29479.5
29222.2
28955.2
28735.3
28596.5
28499.4
28398
28299.5
28214.3
28159.9
28156.6
28227.4
28399.3
28698.8
29149.9
29767
30554
31510.9
32627.6
33902.9
35320.3
36875.4
38522.2
40260.6
41994.9
43704.3
45222.9
46615.8
47771.7
48806.3
49573.6
50246.9
50639.8
51005.9
51140.9
51294.9
51298.1
51387.2
44564.2
43232.4
42965
42715.4
42536.6
42316.4
42123.1
41818.3
41473.5
40847.2
40200.7
39015.4
37907.5
35977
34225.4
30669.2
27820.6
21859.7
17410.1
18031.4
20778.3
23684.2
27684.7
35281.7
44512.1
53400.5
60411.8
65513.8
69292.3
71033.4
71622.3
71831.4
71767.2
71961.9
72179.5
72575.4
72776.3
73112
73229.6
73527.8
73616.4
73749.6
73615
73637.7
73414.3
73391.9
73062.1
73065.1
72874.7
72717.9
72255
71912.7
71632.8
71859.9
71809
71363.2
72008.7
72517.7
63404
45691
30798.9
24875.7
23230.8
22916.1
22583.2
22184.2
22399.6
22748.5
22961.9
22929.3
22728.5
22594.5
22390.6
22139.6
21829.1
21489
21129.7
20801.6
20482.9
20161.6
19843.4
19543.5
19257.8
18989.8
18743.3
18519.7
18323.7
18153
18013.4
17903.2
17822.2
17764.8
17730.2
17710.5
17706.1
17722.1
17755.9
17813.4
17865.7
17927.3
18002.4
18092.4
18191.3
18296
18400.5
18504.7
18610.1
18720.2
18837.7
18958.9
19080.4
19199.6
19311.4
19417.8
19521.2
19624.4
19732.9
19842.9
19948.7
20050.7
20162.7
20292.1
20440.5
20605.2
20792.6
21003.4
21239
21491
21757.1
22031.1
22293.3
22491.1
22557
22597
22666.6
22709
22693.3
22770.9
23003.4
23231.8
23267.6
23309.6
23363.1
23415.6
23465.9
23510.6
23551.8
23590.2
23624.9
23654.1
23676.7
23690.2
23686.8
23639.3
23522.4
23359.7
23190.7
23058.1
22987.1
22949.3
22909.2
22871.3
22842.5
22834.7
22861.4
22937.9
23081.9
23311.4
23643.4
24087.8
24646.7
25319.8
26098.7
26982.3
27960.7
29036.3
30184.6
31416
32674.1
33956.7
35149.5
36292.6
37273.5
38175.9
38870.4
39512.1
39924.3
40314.8
40487.2
40675.2
40712.4
40813.3
35758
34805.3
34573.6
34364.8
34214.6
34031.7
33876.2
33632.8
33369
32884
32402.6
31502.7
30702.5
29258.9
28030.8
25353.5
23122.7
18327.7
14538.1
14682.4
16566.1
18509.8
20922.7
25992.7
32500.2
39727.4
46413.5
51668.7
55728.8
57883
58756.5
59086.8
59059.9
59165.1
59278.9
59550.6
59673.4
59908.2
59979.6
60199.6
60272.6
60384.2
60274.9
60300
60127.2
60134
59892.6
59937.5
59853.9
59862
59614.5
59520.6
59452
59922.4
60283.9
60547.8
61684
63833.9
58099
42646.2
27455.5
20293.2
17825.7
17011.3
16467.5
16010.3
16054.6
16281.5
16478.3
16530.5
16462.2
16417.5
16293.3
16133.9
15944.7
15744.1
15526.3
15321.5
15119.6
14912
14711.9
14526.5
14351.3
14188.2
14040.4
13909.3
13798.1
13705.9
13635.9
13587.8
13559.6
13547.3
13550.5
13563.3
13586.3
13624.4
13675.2
13740.4
13802.4
13869.8
13948.1
14036.8
14131.1
14228.4
14324.4
14419.7
14516.3
14616.6
14722.3
14830.1
14937.4
15042.2
15140.9
15235.9
15329.1
15422.9
15521.2
15620.6
15717.4
15813
15918.2
16038
16173.4
16322
16489
16674.2
16878.3
17094.1
17319.4
17547.4
17759.6
17914.7
17974.1
18019.4
18085.6
18130.2
18139.9
18227.2
18425.6
18610.7
18649.9
18696.4
18752.5
18808.3
18861.8
18911.4
18960
19006.5
19050.4
19090.7
19126.5
19155.6
19172.3
19156.8
19089.4
18988
18882.6
18805.9
18777.3
18775.6
18773.1
18772.3
18777.5
18796.8
18839.3
18915
19035.3
19212.4
19458.6
19780.4
20179.2
20654.3
21199.1
21812.3
22487.5
23229.3
24024.6
24886.5
25782.5
26720.1
27623.7
28526.7
29336.9
30107.9
30722.4
31295.3
31693.3
32082.7
32279.7
32495.6
32560
32674.2
28945.9
28231.3
28034.7
27859.2
27732.7
27580.3
27455.3
27261.8
27062.3
26692.2
26340.4
25670.6
25110.1
24054
23223.1
21252.3
19538.8
15712
12442
12224.2
13487.9
14779.4
16216.6
19584.2
23984.3
29250.5
35033.5
40185.8
44367.7
46951.2
48223.4
48797.6
48916.4
49029.7
49116.8
49323
49416.1
49592.6
49639.8
49794.8
49844.4
49928.1
49831
49852.4
49717.8
49737.1
49559.1
49626.1
49605.7
49715
49613.4
49691.2
49761.6
50370.9
50952.2
51703
53109.1
56328.3
53600.4
40730.2
25655.1
17382.8
14265.5
13100.5
12426.6
11944.8
11869.3
11988.6
12142.5
12222.3
12216.5
12210.6
12133
12031.8
11917.4
11802
11673.2
11546
11420.2
11288.2
11166.3
11055.5
10952
10856.8
10772.4
10700.5
10642.8
10599.7
10572.2
10560.9
10563.3
10576.4
10599.9
10629.7
10666.6
10714.8
10772.1
10837.2
10901.2
10968
11043.7
11126.5
11212.7
11300.3
11386.2
11471.3
11557.6
11646.9
11740.1
11834.4
11927.8
12018.6
12104.7
12188.3
12270.8
12354.5
12442
12530.4
12617.4
12704.9
12801.4
12910.2
13032
13164.7
13312.4
13474.3
13650.5
13834.9
14025.1
14214.2
14385.5
14507.8
14560.9
14606.3
14666.7
14710.4
14735.3
14823.2
14991.6
15141.5
15181.1
15227.4
15282.1
15336.4
15388.9
15439
15489.1
15537.8
15584.8
15629.4
15670.8
15707.5
15735
15738.7
15703.2
15641.8
15578.1
15537.3
15534.7
15554.3
15574
15595
15619.8
15654.1
15703.6
15775.1
15875.4
16013
16196.6
16430.7
16715.9
17051.5
17432.5
17857.3
18321.8
18830.8
19377.6
19974.5
20603.2
21275.1
21941.1
22630.4
23275.1
23914.5
24449.8
24954.9
25321
25684.1
25888.7
26120.5
26204.8
26332.1
23579.2
23047.9
22883.6
22735.9
22629.2
22502
22401.8
22248.7
22100.2
21823.1
21572.7
21087.2
20711.7
19962.1
19431.5
18026.8
16746.2
13718.7
10875.9
10386.9
11199.9
12041.1
12870
15058.4
18031.2
21586.6
26057.2
30664.6
34701
37600.7
39308.2
40211.3
40568.1
40775.7
40906.2
41098.4
41201.6
41353.4
41407.5
41528.2
41578.9
41652.9
41586.5
41601.6
41491.5
41507.4
41369.1
41442
41456.2
41615.5
41607.3
41792.1
41950
42624.3
43299
44343.1
45877.9
49658.6
49499.8
39468.2
24971.8
15621
11908.4
10463.1
9701.55
9206.89
9053.82
9096.28
9208.12
9289.66
9308.36
9315.58
9264.58
9199.43
9130.31
9065.07
8989.33
8910.06
8831.77
8748.74
8676.13
8611.98
8553.13
8500.17
8455.02
8419.4
8394.08
8380.1
8377.27
8386.58
8405.23
8431.27
8464.42
8501.62
8544.1
8594.98
8652.32
8713.84
8775.1
8838.04
8908.09
8982.93
9059.88
9137.13
9212.71
9287.6
9363.5
9441.87
9523.04
9604.6
9685.15
9763.31
9837.83
9910.61
9983.05
10056.9
10133.9
10211.8
10289.2
10368.2
10455.5
10553.4
10662
10779.7
10909.6
11050.7
11202.4
11359.7
11519.9
11676.3
11814.7
11911.8
11958.8
12001.6
12055.5
12097.1
12130.5
12213.9
12356.2
12477.6
12516.1
12559.8
12611.1
12661.6
12710.7
12759.1
12807.5
12855.1
12901.6
12946.6
12989.4
13028.9
13061.4
13076.4
13061.2
13026.2
12989.7
12971.8
12984.7
13016.1
13048.1
13081
13116.4
13157.9
13209.2
13274.6
13358.2
13465.6
13603.2
13773.8
13977.6
14214.2
14479.5
14772
15089.1
15435.3
15807.2
16215.4
16649.8
17122.6
17602.2
18113.7
18609.4
19120.7
19570
20010.2
20342.9
20675.1
20871.8
21103.1
21198.9
21336.6
19304.8
18922.1
18786.9
18663
18573
18466.6
18386.5
18266.1
18157.7
17955.2
17783.9
17444.3
17209.5
16700.6
16396.8
15444.8
14527.2
12162
9685.72
8995.48
9477.41
10003
10447.5
11820.2
13806.6
16129.5
19272.3
22985.3
26568.7
29516.9
31567.3
32818.5
33478.3
33853.9
34094
34321.9
34472.4
34629.8
34716.4
34827.7
34898.8
34974.8
34951.2
34972.3
34902
34921.8
34830.7
34898.2
34927.8
35095.5
35141.5
35377.9
35586.6
36268.5
36965.2
38133.9
39717.1
43625.1
45527.8
38458.9
25144.8
14745
10371.3
8661.65
7826.96
7317.19
7110.04
7099.18
7178.52
7249.62
7274.56
7283.48
7247.43
7204.2
7161.96
7125.58
7080.56
7030.82
6981.55
6929.62
6887.5
6851.92
6820.33
6793.08
6771.78
6757.84
6751.72
6754.41
6765.34
6785.4
6811.86
6843.51
6880
6919.23
6962.53
7012.19
7066.29
7122.67
7179.03
7236.61
7299.79
7366.2
7433.86
7501.23
7567.1
7632.41
7698.63
7766.81
7837
7907.19
7976.32
8043.35
8107.62
8170.77
8233.99
8298.73
8366.18
8434.6
8503.13
8573.97
8652.3
8739.68
8836
8940.02
9053.95
9176.65
9307.23
9441.18
9575.91
9705.1
9817
9894.8
9936.12
9975.28
10022.8
10061.7
10099
10175.4
10295.2
10394
10430.5
10470.6
10517.4
10563.1
10608.1
10653.2
10698.4
10743.2
10787.3
10830.5
10872.2
10911.5
10945.7
10966.8
10964.4
10946.6
10928
10924.4
10945.9
10983
11020.9
11059.5
11099.6
11143.4
11193.3
11252.1
11321.5
11405.7
11509
11633.2
11778.4
11944.1
12127.2
12326.4
12539.8
12771.6
13020.3
13294.6
13589.1
13915.1
14252.6
14622.5
14992.3
15387.5
15750.1
16120.7
16416
16718
16905.6
17124.2
17223
17365.6
15896.2
15610.1
15501.9
15398.6
15322.6
15233.5
15169.5
15075.5
14998.4
14854.8
14744.6
14518.8
14389.5
14069.2
13933.6
13343.7
12731
10920
8770.52
7932.45
8168.42
8469.91
8667.3
9478.2
10776
12284
14340.6
17059.2
19979.6
22658
24807.4
26315.1
27282.6
27871.5
28277.5
28587.8
28823
29015.5
29158.9
29283.4
29392.5
29480.2
29509.3
29543.7
29524.6
29552
29514
29580.9
29636.2
29802.5
29890
30132.1
30363.4
31004.7
31691.6
32844.2
34433.2
38130
41524.7
37397.4
25879.6
14676.5
9445.51
7434.77
6520.44
5986.18
5734.09
5682.41
5735.37
5792.33
5815.29
5821.43
5793.78
5763.78
5737.35
5717.32
5690.02
5658.45
5627
5594.8
5571.43
5553.24
5538.19
5526.5
5519.55
5518.4
5523.39
5535.27
5553.43
5578.48
5607.93
5641.11
5677.59
5715.98
5757.6
5804.07
5853.56
5904.3
5955.04
6006.83
6062.98
6121.3
6180.31
6238.75
6295.88
6352.62
6410.13
6469.21
6529.7
6589.97
6649.23
6706.71
6762.11
6816.85
6871.93
6928.57
6987.54
7047.54
7108.14
7171.41
7241.39
7319.12
7404.3
7496.01
7595.72
7702.26
7814.47
7928.44
8041.61
8148.33
8239.14
8302.12
8338.38
8373.54
8415.21
8451.41
8489.44
8557.81
8658.29
8739.2
8773.14
8809.44
8851.28
8892.07
8932.77
8973.94
9015.22
9056.28
9097.01
9137.22
9176.45
9213.96
9247.71
9271.75
9277.22
9270.57
9263.41
9268.56
9294.16
9333.1
9372.87
9413.18
9454.19
9497.43
9544.13
9596.09
9653.57
9719.59
9797.17
9887.36
9989.96
10104.7
10229.2
10362.2
10502.5
10653.8
10815.7
10995
11189.4
11408.4
11639.4
11899.7
12167.6
12463.9
12746.3
13046.6
13298.5
13565.3
13742.6
13947.9
14045.2
14186.2
13162.2
12933.1
12849.4
12763.8
12699.8
12625.1
12573.9
12501
12447.8
12350.1
12286.5
12148
12096.1
11921.8
11909.4
11603.2
11250.1
9909.04
8061.23
7116.38
7167.08
7307.2
7341.64
7767.82
8582.15
9543.85
10837.9
12679.9
14868
17070.2
19045.8
20609.2
21785.1
22574.1
23170.8
23597.7
23949.5
24205.4
24428.8
24588.6
24753.5
24863.6
24954.1
25008.2
25049.5
25087.4
25108.3
25175.7
25268.1
25423.3
25556
25788.3
26052.1
26619.5
27283.2
28315.5
29879.2
33146.7
37427.8
36020.7
26788.2
15428.8
9042.51
6632.23
5611.28
5038.33
4741.21
4652.65
4681.57
4723.62
4741.04
4742.97
4720.06
4697.98
4680.72
4669.77
4652.78
4632.46
4612.17
4592.56
4580.71
4573.1
4568.08
4565.78
4567.38
4573.63
4584.85
4601.48
4623.03
4649.77
4679.57
4712.07
4746.83
4782.99
4821.75
4864.22
4908.71
4953.9
4999.08
5045.2
5094.71
5145.64
5196.93
5247.53
5297.05
5346.28
5396.17
5447.28
5499.39
5551.17
5602.03
5651.42
5699.26
5746.77
5794.8
5844.34
5895.93
5948.6
6002.21
6058.62
6120.95
6189.93
6265.13
6345.83
6432.96
6525.35
6621.69
6718.59
6813.62
6901.9
6975.98
7027.57
7059.43
7090.7
7127.21
7160.62
7197.44
7257.63
7341.72
7408.51
7439.65
7472.16
7509.08
7545.08
7581.66
7618.65
7655.77
7692.85
7729.79
7766.49
7802.55
7837.39
7869.5
7894.33
7904.39
7904.79
7904.86
7914.98
7941.94
7980.24
8019.38
8058.91
8098.64
8139.5
8182.08
8227.42
8274.8
8326.5
8384.57
8449.52
8521.08
8599.07
8681.55
8767.52
8856.25
8950.83
9051.63
9163.88
9286.8
9428.46
9581
9758.24
9945.97
10161.1
10373.7
10608.7
10814.9
11041.7
11202.6
11393
11488.5
11625.9
10936.1
10759.2
10695.6
10625
10571.1
10508.4
10467.2
10410.7
10375.5
10312.8
10284
10211.1
10214.5
10150.5
10227.7
10134
10006.2
9068.89
7506.37
6488.76
6397.29
6418.57
6342.25
6505.93
6980.2
7572.07
8374.45
9540.79
11060
12718.3
14346.6
15773.1
16967.1
17865.3
18610.9
19156
19634.5
19973.4
20293.3
20508.4
20744.6
20890.3
21049.9
21131.8
21240.1
21294.1
21378.7
21448.6
21587.9
21727.3
21909.2
22118
22422.9
22907.9
23569.4
24442.5
25935.9
28690.5
33266.9
34153.5
27558.6
16836.2
9176.5
6183.26
4999
4366.9
4018.13
3890.44
3894.69
3921.6
3931.95
3929.37
3908.99
3891.51
3879.44
3873.33
3862.36
3849.09
3835.94
3824.4
3819.63
3818.45
3819.47
3822.78
3829.38
3839.78
3854.26
3873.03
3895.7
3922.31
3951.05
3981.77
4014.06
4047.39
4082.85
4121.13
4160.78
4200.82
4240.83
4281.69
4325.17
4369.58
4414.13
4458
4500.98
4543.75
4587.07
4631.34
4676.3
4720.89
4764.67
4807.26
4848.73
4890.08
4932.05
4975.45
5020.65
5066.99
5114.48
5164.73
5220.15
5281.25
5347.55
5418.47
5494.5
5574.52
5657.18
5739.54
5819.38
5892.59
5953.48
5996.3
6024.35
6052.06
6084.11
6114.68
6149.1
6201.48
6271.73
6327.36
6355.64
6384.54
6416.86
6448.57
6481.13
6514.02
6547.06
6580.16
6613.27
6646.29
6678.92
6710.69
6740.5
6764.85
6777.35
6782.04
6786.5
6799.16
6825.73
6861.96
6898.99
6936.29
6973.42
7010.94
7048.99
7088.09
7126.9
7167.21
7210.33
7256.45
7305.25
7356.61
7409.02
7461.58
7513.91
7568.65
7626.52
7691.49
7763.78
7849.92
7945.17
8060.41
8186.58
8337.19
8491.45
8668.94
8831.44
9017.11
9156.46
9326.7
9418.14
9551.9
9109.59
8987.43
8938.96
8880.98
8835.35
8782.39
8748.93
8705.01
8682.89
8645.97
8642.39
8617.36
8659.52
8675.47
8816.72
8874.03
8935.7
8351.87
7052.98
6005.96
5802.51
5732.73
5578.46
5563.68
5799.76
6139.74
6619.3
7333.05
8317.79
9472.01
10693.1
11859.2
12916.4
13796.5
14576.7
15193
15760.7
16180.3
16590.5
16872.7
17185.2
17380.7
17611.3
17732.9
17909.4
17989.8
18138.8
18219
18409.8
18537.7
18769.2
18951.9
19299.1
19704.9
20371.4
21089.2
22497.4
24779.6
29150.3
31723.4
27888.8
18662.8
9914.45
6079.78
4632.19
3908.84
3495.33
3321.2
3297.65
3308.66
3311.02
3303.92
3284.59
3269.52
3260.1
3256.33
3248.86
3240.02
3231.52
3225.17
3224.7
3227.35
3231.95
3238.55
3247.95
3260.51
3276.44
3295.83
3318.31
3343.81
3370.81
3399.27
3428.85
3459.22
3491.31
3525.57
3560.76
3596.17
3631.56
3667.71
3705.85
3744.62
3783.4
3821.55
3858.98
3896.27
3933.98
3972.43
4011.34
4049.89
4087.76
4124.68
4160.79
4196.93
4233.72
4271.83
4311.55
4352.42
4394.55
4439.29
4488.51
4542.55
4600.93
4663.15
4729.41
4798.63
4869.52
4939.55
5006.73
5067.71
5118.18
5154.21
5179.01
5203.59
5231.78
5259.52
5290.91
5336.12
5394.77
5441.5
5466.96
5492.54
5520.72
5548.65
5577.42
5606.45
5635.65
5664.97
5694.38
5723.81
5753.01
5781.63
5808.86
5831.99
5845.53
5852.68
5859.63
5873.27
5898.45
5931.86
5965.97
6000.25
6034.12
6067.86
6101.33
6134.66
6166.17
6197.32
6228.9
6260.87
6292.89
6324.9
6355.73
6384.58
6411.29
6438.12
6465.96
6497.78
6534.39
6580.97
6634.82
6704.4
6784.11
6884.56
6991.66
7120.65
7243.67
7390.12
7505.67
7651.78
7735.32
7862.29
7619.54
7533.82
7498.59
7452.52
7415.06
7370.16
7342.25
7307.46
7294.34
7275.68
7289.49
7298.05
7366.43
7436.77
7621.59
7781.44
7993.63
7714.28
6660.45
5633.96
5337.3
5186.99
4983.47
4848.92
4920.64
5088.83
5354.7
5778.92
6383.06
7135.11
7978.68
8841.5
9679.57
10437.3
11145.4
11755.5
12328.9
12794.3
13250.2
13592.8
13961.6
14214.7
14503.6
14677.8
14911.8
15034.9
15238.6
15346.4
15581.8
15716.5
15987.1
16160.3
16535.5
16889.3
17542.9
18154.9
19432.7
21358.8
25198.8
28774.8
27515.5
20436.5
11393.9
6391.48
4502.49
3632.42
3131.77
2898.59
2841.38
2834.53
2827.87
2816.03
2796.57
2782.35
2773.9
2770.91
2765.38
2759.28
2753.83
2750.75
2752.82
2757.67
2764.3
2772.71
2783.54
2797.03
2813.34
2832.44
2854.02
2877.93
2902.91
2928.98
2955.86
2983.37
3012.26
3042.83
3074.04
3105.4
3136.74
3168.73
3202.26
3236.2
3270.09
3303.44
3336.2
3368.86
3401.84
3435.37
3469.21
3502.73
3535.67
3567.86
3599.48
3631.22
3663.59
3697.16
3732.17
3768.32
3805.75
3845.57
3889.22
3936.94
3988.29
4042.79
4100.46
4160.3
4221.09
4280.67
4337.35
4388.42
4430.69
4461.41
4483.45
4505.32
4530.18
4555.15
4583.29
4622.1
4671.09
4710.61
4733.4
4756.01
4780.52
4805.17
4830.48
4855.99
4881.69
4907.52
4933.5
4959.56
4985.52
5011.08
5035.7
5057.21
5070.91
5079.34
5087.55
5101.22
5124.47
5154.74
5185.6
5216.54
5246.87
5276.73
5305.8
5333.85
5359.15
5382.89
5405.47
5426.7
5446.27
5464.17
5479.48
5491.51
5500.25
5507.61
5514.57
5523.32
5534.96
5553.58
5577.81
5614.13
5659.29
5721.5
5791.44
5880.8
5969.77
6080.79
6172.53
6293.12
6365.79
6481.42
6396.25
6333.97
6310.25
6275.19
6245.6
6208.54
6185.97
6159.04
6151.46
6144.74
6169.58
6200.27
6285.18
6389.58
6600.97
6825.82
7150.34
7124.41
6299.21
5333.17
4952.02
4725.36
4502.38
4294.49
4256.84
4308.77
4433.39
4669.47
5029.41
5488.98
6033.02
6620.05
7221.28
7802.9
8373.99
8904.75
9412.98
9865.73
10303.6
10675.4
11051.4
11351.3
11663.9
11894
12157.6
12337.9
12571.1
12729.3
12985.9
13157.4
13440.8
13639.7
14010.7
14362.5
14961.6
15542.9
16634.8
18331.5
21501.3
25464.6
26280.5
21718.5
13503
7198.55
4653.82
3534.41
2907.81
2595.42
2495
2466.39
2449.03
2431.8
2411.03
2396.36
2387.66
2384.39
2379.75
2375.24
2371.73
2370.65
2374.07
2380.06
2387.72
2396.99
2408.39
2422.04
2438.06
2456.37
2476.68
2498.8
2521.71
2545.45
2569.8
2594.66
2620.62
2647.89
2675.63
2703.47
2731.34
2759.73
2789.3
2819.16
2848.96
2878.29
2907.16
2935.93
2964.94
2994.34
3023.96
3053.28
3082.12
3110.39
3138.25
3166.26
3194.87
3224.54
3255.5
3287.55
3320.85
3356.27
3394.94
3437.03
3482.13
3529.8
3579.94
3631.63
3683.78
3734.57
3782.55
3825.62
3861.37
3887.9
3907.63
3927.17
3949.15
3971.5
3996.43
4029.64
4070.65
4104.25
4124.6
4144.59
4165.98
4187.74
4209.96
4232.33
4254.9
4277.61
4300.5
4323.5
4346.48
4369.22
4391.34
4411.08
4424.42
4433.38
4442.09
4455.25
4476.37
4503.48
4531.05
4558.61
4585.42
4611.51
4636.47
4659.75
4679.78
4697.45
4712.93
4725.95
4736.21
4743.75
4747.86
4747.94
4744.1
4737.96
4730.5
4723.32
4717.65
4716.69
4719.93
4732.3
4752.12
4785.63
4826.86
4884.69
4945.3
5025.68
5095.06
5190.7
5250.92
5351.82
5387.03
5339.07
5324.75
5299.57
5277.36
5247.81
5230.22
5210.4
5207.74
5208.65
5239.34
5283.03
5376.69
5499.74
5723.52
5984.44
6385.5
6560.43
5944.47
5067.27
4614.73
4320.62
4085.78
3850.98
3745.95
3721.19
3753.59
3867.1
4068.46
4339.03
4666.91
5038.9
5435.78
5840.11
6253.76
6662.76
7065.71
7451.68
7824.58
8175.12
8515.16
8824.85
9119.82
9384.85
9640.86
9871.6
10100.5
10317
10562.4
10791.8
11054.5
11310.2
11640.4
12034.2
12541.3
13147.1
14033.5
15576.7
18130.3
21973.6
24227.6
22132.5
15775.3
8669.9
5162.16
3646.35
2824.61
2399.75
2240.59
2183.32
2152.25
2128.23
2104.79
2088.43
2078.42
2074.05
2069.48
2065.71
2063.3
2063.29
2067.28
2073.68
2081.69
2091.2
2102.59
2115.93
2131.27
2148.51
2167.37
2187.68
2208.59
2230.15
2252.19
2274.65
2298.01
2322.39
2347.14
2371.97
2396.86
2422.17
2448.41
2474.85
2501.23
2527.23
2552.85
2578.38
2604.07
2630.03
2656.12
2681.96
2707.41
2732.4
2757.1
2781.96
2807.36
2833.68
2861.14
2889.63
2919.27
2950.77
2984.99
3022.07
3061.64
3103.29
3146.85
3191.49
3236.28
3279.68
3320.5
3357.08
3387.64
3410.82
3428.6
3446.16
3465.65
3485.6
3507.56
3535.96
3570.4
3599.08
3617.27
3634.99
3653.82
3673.01
3692.53
3712.17
3732
3751.98
3772.14
3792.44
3812.77
3832.99
3852.81
3870.81
3883.52
3892.56
3901.33
3913.71
3932.73
3956.82
3981.27
4005.6
4029.07
4051.64
4072.85
4091.88
4107.42
4120.11
4129.93
4136.57
4139.78
4139.64
4135.61
4127.18
4114.52
4099.05
4081.7
4063.62
4046.06
4031.54
4020.07
4015.39
4016.83
4029.1
4048.54
4081.79
4119.44
4174.19
4223.64
4296.18
4343.55
4427.94
4545.36
4511.24
4504.04
4487.34
4471.82
4449.32
4436.31
4422.72
4424.21
4431.4
4464.82
4514.33
4610.41
4740.71
4965.38
5240.3
5685.12
6008.48
5577.75
4806.41
4310.36
3964.93
3710.84
3483.5
3342.25
3269.69
3243.64
3278.36
3376.12
3526.21
3713.98
3933.08
4176.42
4435.03
4708.58
4992.3
5280.02
5570.91
5856.83
6143.16
6420.91
6695.42
6947.46
7203.07
7429.98
7671.53
7878.28
8121.09
8340.91
8605.2
8835.71
9132.16
9416.41
9839.99
10268
10878.6
11616.9
12990.1
15097.8
18483.9
21544
21552.5
17470.1
10904.7
6181.2
4020.34
2910.47
2315.62
2071.38
1973.49
1923.39
1890.03
1862.02
1842.55
1830.15
1823.88
1818.63
1814.85
1812.85
1813.21
1817.16
1823.45
1831.33
1840.64
1851.64
1864.36
1878.79
1894.81
1912.18
1930.72
1949.76
1969.33
1989.3
2009.63
2030.7
2052.59
2074.78
2097.06
2119.43
2142.14
2165.58
2189.17
2212.71
2235.95
2258.87
2281.71
2304.63
2327.73
2350.89
2373.83
2396.45
2418.71
2440.74
2462.93
2485.58
2509.03
2533.46
2558.82
2585.24
2613.25
2643.52
2676.15
2710.85
2747.2
2785.04
2823.63
2862.17
2899.38
2934.3
2965.62
2992.02
3012.48
3028.64
3044.53
3061.89
3079.7
3099.06
3123.38
3152.45
3177.03
3193.33
3209.09
3225.87
3242.85
3260.07
3277.38
3294.86
3312.5
3330.32
3348.29
3366.35
3384.37
3402.15
3418.53
3430.52
3439.41
3448.01
3459.55
3476.6
3497.95
3519.55
3540.92
3561.34
3580.71
3598.54
3613.82
3625.54
3634.1
3639.35
3640.98
3638.76
3632.83
3622.8
3608.24
3589.37
3567.43
3543.33
3517.84
3492.2
3468.38
3446.71
3430.03
3418.3
3415.04
3418.18
3432.6
3452.09
3485.98
3518.33
3570.4
3605.38
3672.9
3844.88
3820.88
3818.35
3808.5
3798.79
3782.73
3773.86
3765.62
3770.45
3782.39
3817.59
3868.92
3962.41
4091.61
4308.24
4580.81
5040.27
5460.86
5187.57
4525.34
4021.78
3647.19
3374.89
3168.47
3011.96
2912.97
2852.28
2838.19
2870.72
2942.86
3042.09
3162.52
3299.62
3452.03
3618.84
3798.85
3986.46
4183.67
4382.4
4588.9
4794.2
5004.81
5202.49
5409.8
5597.87
5804.57
5984.37
6201.73
6398.73
6641.46
6852.8
7128.38
7392.18
7778.24
8176.3
8710.45
9387.04
10521.2
12334.5
15154.7
18448.2
19994.1
18226.5
13339.5
7892.92
4771.65
3210.72
2369.21
1993.58
1833.75
1755.08
1707.85
1672.4
1647.9
1631.77
1622.65
1615.88
1611.35
1609.08
1609.19
1612.61
1618.36
1625.73
1634.5
1644.83
1656.71
1670.09
1684.84
1700.71
1717.57
1734.88
1752.65
1770.78
1789.24
1808.31
1828.05
1848.07
1868.21
1888.47
1909
1930.1
1951.33
1972.52
1993.47
2014.17
2034.75
2055.38
2076.09
2096.82
2117.35
2137.6
2157.56
2177.33
2197.24
2217.54
2238.5
2260.31
2282.95
2306.52
2331.43
2358.21
2386.93
2417.35
2449.1
2482
2515.41
2548.66
2580.72
2610.78
2637.84
2660.86
2679.12
2693.93
2708.43
2724
2739.99
2757.14
2778.1
2802.79
2823.98
2838.68
2852.88
2867.95
2883.07
2898.37
2913.74
2929.28
2944.96
2960.83
2976.85
2992.99
3009.16
3025.2
3040.13
3051.43
3060.1
3068.46
3079.21
3094.52
3113.46
3132.55
3151.28
3168.98
3185.51
3200.34
3212.34
3220.81
3225.9
3227.41
3225.02
3218.53
3208.14
3193.57
3174.48
3151.15
3124.68
3095.92
3065.4
3034.31
3004.16
2975.51
2950.46
2929.39
2914.91
2906
2906.21
2911.59
2928.88
2946.98
2981.57
3005.18
3056.56
3263.97
3244.42
3244.2
3239.42
3234.43
3224.05
3218.83
3215.07
3222.48
3237.71
3273.6
3325.23
3413.85
3535.89
3737.88
3996.58
4446.19
4916.16
4768.83
4212.32
3731.92
3352.69
3072.27
2884.28
2729.57
2620.43
2542.3
2500.37
2493.47
2516.41
2559.75
2618.75
2688.58
2769.42
2862.2
2966.76
3079.17
3201.19
3327.7
3462.13
3600.39
3743.75
3884.95
4031.32
4174.11
4324.76
4470.5
4632.94
4802.11
4986.37
5178.57
5389.94
5637.09
5938.24
6310.62
6730.02
7342.45
8241.07
9774.17
12105
15192.1
17677.4
17761.8
14995.7
10357.3
6097.21
3823.48
2606.04
2033.29
1772.54
1647.44
1578.1
1530.43
1497.95
1476.11
1462.82
1453.41
1447.23
1443.92
1443.15
1445.54
1450.34
1456.85
1464.79
1474.21
1485.08
1497.3
1510.74
1525.16
1540.43
1556.14
1572.27
1588.75
1605.57
1622.9
1640.8
1659
1677.35
1695.83
1714.54
1733.71
1752.99
1772.24
1791.29
1810.14
1828.86
1847.56
1866.29
1884.99
1903.5
1921.76
1939.77
1957.63
1975.58
1993.86
2012.68
2032.22
2052.46
2073.53
2095.72
2119.45
2144.75
2171.45
2199.22
2227.89
2256.92
2285.75
2313.52
2339.61
2363.19
2383.48
2399.96
2413.68
2427.06
2441.19
2455.65
2471.01
2489.26
2510.41
2528.84
2542.21
2555.26
2568.91
2582.53
2596.29
2610.1
2624.06
2638.17
2652.46
2666.91
2681.5
2696.16
2710.76
2724.47
2735.17
2743.64
2751.8
2761.88
2775.73
2792.61
2809.54
2825.98
2841.31
2855.37
2867.51
2876.68
2882.36
2884.52
2882.91
2877.2
2867.25
2853.29
2835.16
2812.59
2785.93
2756.18
2724.13
2690.15
2655.34
2620.9
2587.47
2556.63
2529
2506.48
2488.77
2478.38
2472.95
2477.25
2483.78
2503.83
2517.44
2554.12
2780.5
2762.64
2762.85
2761.35
2759.82
2754.18
2752.06
2751.94
2761.25
2778.48
2814.03
2864.48
2947.43
3060.31
3243.11
3480.4
3901.11
4378.97
4323.89
3869.9
3432
3068.98
2794.29
2617.83
2477.03
2369.77
2286.6
2231.6
2203.02
2196.63
2205.75
2226.91
2255.93
2292.45
2337.25
2391.37
2452.24
2520.9
2594.59
2674.48
2759.82
2848.62
2940.35
3033.96
3131.54
3230.65
3335.72
3445.61
3573.72
3702.02
3854.07
4005.84
4205.69
4430.3
4729.54
5056.41
5541.48
6255.85
7455.2
9369.06
12038.1
14799.7
16272.4
15368
12361.8
8302.09
4929.99
3118.86
2238.08
1818.47
1612.17
1504.76
1436.15
1390.56
1359.71
1340.12
1326.43
1317.34
1311.98
1309.51
1310.28
1313.66
1318.91
1325.68
1333.94
1343.62
1354.59
1366.68
1379.66
1393.42
1407.62
1422.24
1437.24
1452.59
1468.41
1484.75
1501.39
1518.24
1535.24
1552.44
1570.01
1587.68
1605.33
1622.81
1640.11
1657.28
1674.38
1691.45
1708.45
1725.25
1741.82
1758.18
1774.39
1790.67
1807.2
1824.18
1841.74
1859.91
1878.79
1898.61
1919.69
1942.06
1965.57
1989.95
2015.04
2040.39
2065.54
2089.79
2112.63
2133.4
2151.51
2166.58
2179.46
2191.98
2204.99
2218.26
2232.23
2248.4
2266.73
2282.93
2295.24
2307.51
2320.06
2332.53
2345.1
2357.71
2370.46
2383.35
2396.43
2409.66
2423.05
2436.54
2450.01
2462.75
2473
2481.37
2489.42
2499.01
2511.67
2526.85
2541.96
2556.45
2569.75
2581.65
2591.4
2598.13
2601.4
2601.03
2596.74
2588.2
2575.33
2558.39
2537.29
2511.89
2482.56
2450.27
2415.77
2379.28
2341.85
2304.44
2267.72
2232.87
2200.63
2172.38
2148.26
2130.03
2116.42
2110.71
2108.01
2116.25
2121.31
2145.11
2373.07
2359.59
2359.21
2359.31
2359.91
2357.91
2358.25
2360.95
2371.55
2389.72
2424.04
2472.05
2548.6
2651.47
2814.87
3026.65
3404.99
3858.32
3864.47
3504.75
3118.18
2784.76
2528.66
2364.33
2243.28
2145.87
2066.07
2008.04
1969.96
1947.91
1937.91
1936.91
1941.78
1952.21
1968.24
1990.97
2018.9
2052.66
2090.88
2133.66
2181.5
2231.87
2286
2341.4
2401.4
2462.51
2529.43
2600.35
2684.53
2771.65
2873.59
2982.21
3117.96
3284.51
3490.07
3740.39
4080.07
4618.81
5494.24
6973.98
9164.62
11764.6
13905.4
14604.3
13246.5
10376.3
6723.75
4036.26
2699.02
2023.9
1683.82
1505.83
1398.54
1329.89
1283.83
1254.14
1233.41
1219.36
1210.44
1205.07
1203.31
1204.59
1208.05
1213.2
1219.96
1228.21
1237.78
1248.45
1259.97
1272.22
1284.95
1298.14
1311.74
1325.75
1340.24
1355.22
1370.55
1386.12
1401.88
1417.84
1434.1
1450.44
1466.77
1482.96
1498.98
1514.84
1530.6
1546.27
1561.82
1577.17
1592.3
1607.23
1622.03
1636.86
1651.88
1667.26
1683.13
1699.51
1716.5
1734.29
1753.11
1772.98
1793.8
1815.34
1837.45
1859.76
1881.9
1903.29
1923.52
1942.06
1958.45
1972.45
1984.73
1996.66
2008.89
2021.32
2034.3
2048.94
2065.12
2079.6
2091.25
2102.94
2114.69
2126.35
2138.07
2149.83
2161.71
2173.74
2185.95
2198.32
2210.85
2223.48
2236.1
2248.14
2258.13
2266.53
2274.63
2283.92
2295.67
2309.45
2323.07
2335.92
2347.47
2357.47
2365.09
2369.69
2370.83
2368.22
2361.53
2350.48
2335.01
2315.41
2291.68
2263.76
2232.11
2197.65
2161.09
2122.61
2083.19
2043.6
2004.52
1966.82
1931.31
1898.95
1870.18
1846.16
1826.39
1813.03
1803.06
1801.87
1799.79
1812.67
2033.2
2022.61
2020.97
2021.28
2022.71
2023.12
2025.19
2029.87
2041.18
2059.45
2091.85
2136.48
2206.08
2298.42
2442.67
2628.56
2958.25
3365.39
3406.84
3126.97
2795.28
2499.1
2269.75
2121.09
2020.43
1936.85
1866.18
1812.54
1773.68
1746.02
1726.88
1714.29
1706.01
1701.94
1701.85
1706.35
1714.64
1727.13
1743.16
1762.53
1785.88
1811.35
1839.85
1869.89
1903.07
1938.32
1976.68
2020.08
2070.16
2126.39
2188.78
2261.84
2347.54
2461.5
2595.98
2767.78
2996.34
3359.31
3963.95
5009.8
6690.4
8906.28
11123.6
12690.5
13002.8
11609.7
8765.36
5486.03
3510.35
2489.53
1921.99
1622.88
1445.35
1332.42
1258.01
1210.56
1177.58
1154.85
1139.78
1129.44
1123.57
1121.62
1122.44
1125.28
1129.96
1136.37
1144.27
1153.34
1163.29
1173.97
1185.17
1196.89
1209.1
1221.82
1235.07
1248.85
1263.04
1277.53
1292.25
1307.19
1322.38
1337.64
1352.89
1368
1382.94
1397.71
1412.32
1426.8
1441.11
1455.22
1469.1
1482.78
1496.34
1509.91
1523.63
1537.63
1552.04
1566.9
1582.29
1598.35
1615.28
1633.09
1651.68
1670.89
1690.58
1710.44
1730.15
1749.28
1767.47
1784.29
1799.41
1812.68
1824.62
1836.25
1848.05
1859.99
1872.38
1886
1900.6
1913.83
1925.24
1936.56
1947.83
1959.01
1970.2
1981.45
1992.81
2004.31
2015.98
2027.82
2039.8
2051.89
2063.96
2075.55
2085.48
2094.1
2102.4
2111.61
2122.69
2135.36
2147.74
2159.2
2169.24
2177.48
2183.21
2185.89
2185.07
2180.37
2171.45
2158.02
2140.09
2117.96
2091.69
2061.32
2027.4
1990.85
1952.35
1912.04
1870.9
1829.52
1788.58
1748.75
1710.81
1675.44
1643.23
1614.92
1590.5
1571.31
1555.66
1547.04
1539.1
1542.92
1749.7
1741.03
1737.9
1737.41
1738.57
1740.14
1743.16
1748.96
1760.42
1778.1
1808.07
1848.71
1911.06
1992.69
2118.42
2279.03
2559.35
2910.83
2966.32
2752.03
2474.59
2218.84
2019.23
1888.84
1806.22
1736.76
1677.46
1631.87
1597.54
1571.08
1550.15
1533.61
1519.84
1508.95
1500.8
1495.8
1493.46
1494.11
1497.35
1503.08
1511.67
1522.08
1534.63
1548.83
1564.98
1583.43
1603.52
1628.02
1656.35
1689.83
1727.24
1772.13
1826.09
1896.92
1984.54
2090.71
2238.91
2463.31
2850.16
3532.2
4703.82
6419.07
8401.02
10193.2
11384.7
11617.4
10404.4
7655.83
4881.12
3296.13
2427.76
1933.81
1628.34
1435.94
1310.2
1227.97
1171.62
1132.36
1106.03
1086.76
1073.73
1066.39
1063.04
1062.27
1063.83
1067.62
1073.31
1080.42
1088.52
1097.38
1106.82
1116.87
1127.55
1138.88
1150.89
1163.52
1176.67
1190.21
1204.06
1218.16
1232.49
1246.88
1261.25
1275.48
1289.52
1303.35
1316.99
1330.42
1343.65
1356.64
1369.4
1381.98
1394.43
1406.88
1419.46
1432.27
1445.44
1459
1473.05
1487.7
1503.09
1519.22
1536.03
1553.39
1571.16
1589.11
1606.97
1624.37
1641.04
1656.64
1670.93
1683.83
1695.74
1707.38
1719.11
1730.95
1743.13
1756.21
1769.82
1782.38
1793.77
1805
1816.1
1827.12
1838.13
1849.18
1860.34
1871.65
1883.11
1894.73
1906.48
1918.3
1930.1
1941.5
1951.6
1960.62
1969.32
1978.62
1989.24
2001.01
2012.36
2022.59
2031.24
2037.82
2041.79
2042.65
2039.91
2033.13
2021.97
2006.15
1985.7
1960.96
1932.05
1899.1
1862.76
1823.95
1783.36
1741.14
1698.24
1655.16
1612.56
1570.93
1531.04
1493.34
1458.5
1426.94
1398.97
1375.31
1355.23
1340.76
1328.06
1324.49
1512.85
1505.73
1501.31
1499.49
1499.61
1501.22
1504.41
1510.49
1521.53
1538.05
1565.22
1601.52
1656.56
1727.66
1835.83
1972.53
2205.49
2499.27
2555.46
2394.71
2168.06
1952.39
1782.01
1670.55
1601.56
1544.95
1496.77
1459.99
1432.19
1410.19
1391.57
1375.96
1361.81
1349.37
1338.61
1329.92
1322.97
1318.09
1314.99
1313.7
1314.36
1316.51
1320.09
1325.15
1331.5
1339.76
1349.22
1361.77
1377.13
1395.75
1417.73
1443.97
1477.2
1519.85
1574.39
1638.59
1727.72
1861.2
2089.37
2502.57
3244.45
4439.55
5998.32
7663.12
9110.1
10087
10341.1
9549.16
7295.43
4794.03
3313.33
2510.11
2036.1
1712.73
1490.88
1343.67
1245.65
1176.15
1127.38
1090.61
1063.73
1046.3
1035.67
1028.78
1025.05
1024.54
1026.9
1031.28
1036.93
1043.43
1050.57
1058.43
1067.11
1076.7
1087.23
1098.61
1110.71
1123.37
1136.46
1149.86
1163.5
1177.22
1190.89
1204.39
1217.67
1230.69
1243.44
1255.93
1268.15
1280.1
1291.82
1303.35
1314.77
1326.2
1337.74
1349.5
1361.59
1374.07
1387.02
1400.52
1414.69
1429.52
1444.96
1460.92
1477.26
1493.8
1510.32
1526.53
1542.2
1557.08
1571.01
1583.93
1596.16
1608.19
1620.26
1632.4
1644.78
1657.79
1670.98
1683.41
1695.04
1706.48
1717.76
1728.94
1740.09
1751.28
1762.57
1773.99
1785.57
1797.27
1809.07
1820.9
1832.67
1844.14
1854.63
1864.26
1873.56
1883.12
1893.41
1904.39
1914.79
1923.86
1931.06
1936.01
1938.23
1937.21
1932.43
1923.43
1909.85
1891.41
1868.21
1840.59
1808.71
1772.84
1733.71
1692.29
1649.26
1604.8
1559.88
1514.94
1470.61
1427.25
1385.61
1345.93
1308.94
1274.79
1244.02
1216.89
1193.3
1174.23
1157.67
1148.12
1314.32
1308.77
1303.62
1300.44
1299.17
1299.99
1302.67
1308.25
1318.33
1333.22
1357.33
1389.15
1437.01
1498.03
1589.87
1704.81
1893.76
2133.04
2182.94
2065.57
1884.42
1705.92
1562.46
1468.74
1410.08
1364.33
1325.36
1296.16
1274.54
1257.58
1242.99
1230.41
1218.49
1207.51
1197.45
1188.68
1180.93
1174.58
1169.33
1165.36
1162.65
1161.05
1160.4
1160.87
1162.29
1165.08
1168.87
1174.71
1182.67
1192.74
1205.33
1220.71
1240.67
1266.6
1299.15
1337.93
1389.65
1466.69
1594.81
1828.04
2258.95
3006.6
4091.22
5415.06
6776.43
7963.27
8800.22
9153.2
8831.84
7404.67
5195.42
3615.74
2759.44
2221.4
1872.71
1630.85
1457.48
1329.1
1237.95
1169.47
1117.42
1081.41
1056.93
1038.37
1024.49
1015.84
1012.21
1012.15
1014.09
1017.1
1020.77
1025.22
1030.78
1037.71
1046.08
1055.77
1066.57
1078.24
1090.57
1103.36
1116.44
1129.62
1142.74
1155.66
1168.28
1180.55
1192.46
1204
1215.2
1226.09
1236.73
1247.19
1257.55
1267.95
1278.48
1289.26
1300.39
1311.93
1323.95
1336.54
1349.77
1363.63
1378.08
1393.05
1408.42
1424.05
1439.75
1455.29
1470.51
1485.21
1499.29
1512.72
1525.71
1538.56
1551.43
1564.35
1577.42
1590.79
1604.12
1616.89
1629.11
1641.11
1652.91
1664.59
1676.21
1687.86
1699.59
1711.44
1723.41
1735.47
1747.57
1759.66
1771.63
1783.39
1794.5
1804.94
1814.99
1824.9
1834.87
1845.03
1854.41
1862.11
1867.74
1870.93
1871.21
1868.04
1860.92
1849.33
1832.91
1811.42
1785.01
1754.02
1718.66
1679.3
1636.83
1592.23
1546.19
1498.97
1451.59
1404.43
1358.09
1312.86
1269.41
1227.87
1188.94
1152.61
1119.51
1089.56
1063.13
1040.4
1020.67
1006.31
1146.89
1143.06
1137.94
1133.79
1131.22
1130.84
1132.56
1137.08
1145.77
1158.67
1179.56
1206.89
1247.87
1299.49
1376.35
1472.03
1621.23
1811.97
1856.86
1771.11
1628.17
1482.27
1362.63
1284.25
1234.54
1196.67
1165.09
1141.83
1125.07
1112.29
1101.47
1092.03
1083.09
1074.73
1066.88
1059.82
1053.33
1047.74
1042.82
1038.74
1035.48
1032.93
1031.03
1029.89
1029.43
1029.93
1031.2
1033.89
1038.1
1043.8
1051.22
1060.62
1072.92
1089.05
1108.85
1132.33
1162.84
1206.84
1277.81
1403.53
1636.6
2059.27
2729.54
3643.38
4719.47
5818.92
6796.07
7547.56
7980.71
8004.24
7457.32
6157.24
4425.06
3246.17
2569.1
2137.53
1860.57
1657.24
1506
1380.79
1279.87
1206.4
1156.29
1117.09
1084.87
1060.92
1046.31
1038.75
1034.63
1031.81
1029.47
1027.8
1027.58
1029.55
1034
1040.76
1049.43
1059.62
1070.93
1083.01
1095.55
1108.29
1120.95
1133.34
1145.32
1156.81
1167.77
1178.22
1188.22
1197.84
1207.18
1216.35
1225.48
1234.68
1244.09
1253.82
1263.97
1274.6
1285.81
1297.63
1310.12
1323.27
1337.07
1351.43
1366.28
1381.48
1396.89
1412.35
1427.71
1442.85
1457.69
1472.21
1486.5
1500.72
1514.95
1529.18
1543.44
1557.65
1571.65
1585.25
1598.45
1611.36
1624.03
1636.53
1648.94
1661.34
1673.8
1686.34
1698.94
1711.56
1724.15
1736.64
1748.96
1761.19
1773.09
1784.48
1795.36
1805.53
1815
1824.07
1831.98
1838.01
1841.74
1842.79
1840.66
1834.81
1824.71
1809.86
1789.91
1764.62
1734.25
1699.14
1659.54
1615.95
1569.39
1520.86
1471.07
1420.41
1369.96
1320.05
1271.27
1223.84
1178.37
1134.87
1094.04
1055.68
1020.51
988.176
959.346
933.62
911.238
892.965
1003.25
1001.57
997.408
993.001
989.637
988.124
988.794
992.054
999.162
1009.93
1027.61
1050.63
1085.15
1128.25
1191.48
1269.89
1386.15
1534.53
1573.38
1511.23
1399.75
1281.55
1182.26
1116.47
1074.61
1042.4
1016.85
998.179
985.031
975.305
967.316
960.489
954.052
948.136
942.607
937.625
933.024
929.043
925.521
922.527
920.11
918.108
916.563
915.493
914.92
915.004
915.66
917.335
920.103
923.93
928.97
935.376
943.702
954.43
967.391
982.359
1001.35
1027.5
1067.86
1135.66
1256.86
1477.76
1848.54
2402.11
3129.4
3973.82
4844.22
5650.72
6317.59
6795.25
7022.15
6996.93
6621.21
5644.39
4353.8
3268.92
2652.94
2242.58
1969.11
1763.06
1605.66
1484.82
1396.2
1320.18
1252.86
1197.1
1158.67
1136.4
1122.07
1110.18
1098.29
1086.27
1075.65
1068.39
1065.54
1066.87
1071.64
1079.13
1088.66
1099.62
1111.42
1123.59
1135.7
1147.44
1158.58
1168.99
1178.61
1187.49
1195.75
1203.52
1210.97
1218.29
1225.65
1233.19
1241.07
1249.42
1258.33
1267.9
1278.19
1289.23
1301.06
1313.68
1327.05
1341.13
1355.86
1371.12
1386.82
1402.84
1419.05
1435.37
1451.71
1468.06
1484.38
1500.68
1516.95
1533.07
1548.92
1564.41
1579.56
1594.42
1608.93
1623.07
1636.91
1650.51
1663.95
1677.31
1690.67
1704.02
1717.34
1730.57
1743.66
1756.57
1769.24
1781.98
1794.71
1806.98
1818.53
1828.55
1836.83
1844.15
1849.99
1853.73
1854.89
1853.01
1847.58
1838.07
1823.97
1804.77
1780.17
1749.96
1714.55
1674.22
1629.34
1580.52
1528.91
1475.53
1421.12
1366.25
1312.01
1258.74
1206.98
1156.93
1109.11
1063.44
1020.58
980.212
943.065
908.577
877.626
849.353
824.694
803.18
873.701
875.526
873.427
869.693
866.442
864.566
864.758
867.183
873.044
881.955
896.757
915.898
944.64
980.334
1031.5
1094.46
1184.93
1298.15
1330.18
1285.05
1198.14
1102.23
1019.42
963.646
928.113
900.495
879.63
864.654
854.338
846.903
840.98
836.06
831.525
827.439
823.75
820.498
817.596
815.173
813.15
811.485
810.294
809.345
808.752
808.463
808.551
809.107
810.097
811.84
814.407
817.732
821.941
827.092
833.567
841.601
851.035
861.621
874.569
891.611
916.447
955.349
1019.62
1131.34
1320.06
1618.57
2046.01
2595.64
3232.8
3906.08
4556.81
5136.02
5601.6
5944.34
6138.39
6140.51
5991.08
5535.49
4680.99
3782.03
3035.99
2552.84
2205.62
1963.5
1804.23
1675.96
1568.4
1480.06
1409.63
1361.41
1328.22
1300.62
1272.44
1241.86
1211.05
1184.98
1167.1
1157.21
1153.66
1155.2
1160.71
1169.05
1179.15
1190.09
1201.15
1211.81
1221.66
1230.46
1238.13
1244.71
1250.41
1255.48
1260.19
1264.82
1269.62
1274.8
1280.52
1286.95
1294.19
1302.35
1311.47
1321.58
1332.7
1344.81
1357.9
1371.95
1386.89
1402.66
1419.18
1436.36
1454.1
1472.28
1490.82
1509.63
1528.56
1547.47
1565.98
1584.01
1601.47
1618.3
1634.72
1650.9
1666.69
1682.02
1696.96
1711.59
1725.97
1740.16
1754.22
1768.14
1781.88
1795.4
1808.67
1821.66
1834.42
1847.4
1860.56
1873.09
1884.25
1893.18
1899.47
1904.29
1907.28
1907.84
1905.44
1899.58
1889.73
1875.39
1856.09
1831.37
1801.02
1764.88
1723.32
1676.59
1625.23
1570.03
1512.34
1453.04
1393.11
1333.26
1274.57
1217.35
1162.15
1109.06
1058.55
1010.46
965.415
922.964
883.852
847.327
814.416
783.898
757.216
732.952
743.68
748.27
748.446
746.939
746.277
746.843
749.024
752.613
758.871
767.084
780.003
796.246
820.42
850.291
891.816
941.896
1011.78
1097.65
1123.4
1089.68
1020.35
941.146
871.051
823.119
792.399
768.564
750.998
739.092
731.122
725.555
721.266
717.812
714.717
711.967
709.653
707.709
706.107
704.917
704.114
703.595
703.497
703.573
703.946
704.549
705.452
706.723
708.333
710.536
713.378
716.792
720.854
725.599
731.265
738.022
745.671
754.03
763.858
776.299
793.472
818.557
856.066
915.082
1009.04
1157.63
1381.12
1691.41
2084.72
2545.76
3046.18
3551.52
4026.37
4451.97
4812.2
5091.19
5287.09
5374.97
5345.88
5247.05
5004.01
4485.41
3778.96
3187.68
2754.91
2440.95
2187.97
1987.28
1835.07
1732.33
1668.25
1620.18
1575.36
1530.43
1484.93
1439.4
1397.9
1365.61
1343.61
1331.19
1326.8
1328.33
1333.55
1340.67
1348.45
1356.1
1363.01
1368.61
1372.61
1375.07
1376.29
1376.69
1376.71
1376.8
1377.32
1378.53
1380.67
1383.9
1388.36
1394.16
1401.32
1409.85
1419.75
1431.01
1443.62
1457.56
1472.82
1489.34
1507.08
1525.98
1545.96
1566.79
1588.35
1610.43
1632.29
1653.33
1673.55
1693.01
1711.59
1729.3
1746.56
1763.61
1780.11
1795.99
1811.41
1826.5
1841.15
1855.45
1869.41
1883.03
1896.31
1909.21
1921.71
1933.78
1945.35
1957.47
1969.66
1980.73
1989.63
1995.65
1998.33
1999.1
1997.56
1993.17
1985.35
1973.62
1957.5
1936.56
1910.43
1878.75
1841.42
1798.37
1749.93
1696.36
1638.44
1576.93
1513.05
1447.59
1381.75
1316.59
1253.09
1191.72
1132.92
1076.64
1023.29
972.684
925.403
880.87
839.831
801.372
766.634
734.101
705.591
678.945
591.388
597.861
603.543
609.45
615.594
621.86
628.168
634.557
642.57
651.439
664.132
679.301
701.524
728.705
764.292
805.257
859.673
925.139
945.589
918.529
860.767
793.621
733.476
691.936
665.059
644.365
629.308
619.723
613.385
609.084
605.875
603.38
601.231
599.392
597.987
596.932
596.229
595.961
596.101
596.516
597.337
598.322
599.574
601.028
602.734
604.746
607.031
609.794
613.06
616.761
620.938
625.606
630.932
637.037
643.737
650.869
659.007
668.967
682.22
700.58
725.844
761.264
811.595
885.582
995.058
1152.1
1363.66
1630.76
1947.3
2299.41
2668.1
3037.61
3393.84
3721.43
4010.64
4252.09
4440.42
4582.87
4671.71
4685.53
4638.06
4556.28
4413.61
4148.57
3750.8
3294.74
2903.91
2628.25
2440.76
2302.68
2179.06
2062.73
1957.03
1862.07
1778.03
1709.47
1658.81
1626.04
1609.31
1605.61
1610.05
1618.73
1628.21
1635.6
1639.28
1639.08
1635.6
1629.65
1622.06
1613.57
1604.76
1596.51
1589.23
1583.29
1578.91
1576.32
1575.69
1577.13
1580.62
1586.2
1593.74
1603.19
1614.54
1627.87
1643.19
1660.42
1679.53
1700.69
1723.79
1747.85
1772.05
1795.54
1817.9
1838.98
1858.9
1877.75
1895.43
1912.04
1928.28
1944.27
1959.46
1973.82
1987.52
2000.66
2013.32
2025.5
2037.14
2048.21
2058.7
2068.55
2077.76
2086.3
2093.98
2101.85
2108.92
2113.88
2115.78
2114.5
2109.77
2102.63
2092.65
2079.41
2062.47
2041.48
2016.17
1986.35
1951.82
1912.48
1868.38
1819.54
1766.15
1708.44
1646.63
1581.32
1513.58
1444.25
1374.63
1305.97
1239.21
1174.77
1113.19
1054.28
998.566
945.865
896.723
850.419
807.725
767.591
731.269
697.002
666.889
638.2
369.683
414.357
446.112
468.32
482.864
493.379
501.598
509.263
518.012
527.887
541.561
557.191
579.403
605.678
638.043
673.514
717.85
769.52
785.906
762.319
712.43
655.13
604.328
569.286
546.614
529.523
517.422
510.075
505.573
502.384
499.915
498.012
496.413
495.082
494.15
493.561
493.326
493.516
494.108
494.972
496.217
497.636
499.308
501.176
503.272
505.641
508.244
511.245
514.655
518.406
522.516
526.985
531.935
537.458
543.391
549.587
556.516
564.803
575.61
590.171
609.273
633.972
665.358
706.381
761.996
838.727
942.953
1079.72
1251.38
1455.63
1686.96
1939.57
2206.64
2478.11
2743.7
2993.84
3221.95
3425.74
3603.95
3752.91
3871.96
3965.72
4033.03
4064.39
4058.02
4022.94
3971.58
3907.43
3818.59
3691.99
3518.11
3305.71
3075.83
2858.87
2671.76
2519.1
2403.17
2320.61
2263.19
2221.53
2193.41
2173.52
2156.57
2138.9
2118.77
2096.38
2072.71
2048.8
2025.6
2003.93
1984.3
1966.74
1951.74
1939.39
1929.66
1922.38
1917.39
1914.54
1913.83
1915.08
1918.42
1923.97
1931.94
1943.05
1957.77
1975.1
1994.33
2014.41
2034.45
2054.25
2073.61
2092.02
2108.94
2124.23
2138.17
2150.86
2162.26
2172.54
2182.49
2192.11
2200.79
2208.59
2215.58
2221.82
2227.34
2232.12
2236.1
2239.26
2241.53
2242.83
2243.1
2242.48
2240.32
2236.53
2229.84
2219.56
2205.88
2190.31
2172.99
2152.86
2129.65
2103.12
2073.13
2039.6
2002.59
1962.22
1918.65
1872.11
1822.82
1770.93
1716.59
1659.89
1600.82
1539.33
1475.73
1410.58
1344.53
1278.83
1214.53
1152.04
1091.45
1032.59
976.471
923.314
873.681
826.698
783.214
742.131
704.818
669.364
638.048
607.785
238.147
257.576
282.079
307.87
331.366
351.889
369.141
384.171
398.299
411.679
426.94
442.742
462.505
483.908
510.732
540.65
577.31
619.581
632.491
612.095
570.722
525.147
486.306
460.071
443.439
431.318
423.127
418.621
416.429
415.343
414.525
413.842
413.143
412.528
412.087
411.861
411.842
412.115
412.673
413.439
414.479
415.675
417.065
418.635
420.389
422.38
424.562
427.069
429.887
432.985
436.349
439.985
443.966
448.368
453.057
457.921
463.309
469.707
478.03
489.228
503.742
521.963
543.821
569.984
601.989
642.299
693.991
760.478
844.963
948.961
1072.53
1215.4
1376.66
1552.97
1739.37
1929.9
2119.14
2303.02
2478.45
2642.51
2792.75
2928.15
3048.56
3153.57
3242.16
3315.42
3375.98
3425.76
3464.41
3490.41
3501.74
3499.17
3484.8
3461.54
3432.46
3399.87
3365.64
3330.62
3294.41
3254.89
3211.92
3165.23
3114.6
3060.42
3003.83
2945.88
2887.78
2830.95
2776.81
2726.5
2680.95
2640.45
2604.75
2573.53
2546.46
2523.5
2504.34
2488.77
2476.68
2468.04
2462.45
2459.61
2459.13
2459.86
2460.95
2462.38
2463.85
2465.16
2466.15
2466.66
2466.6
2465.94
2464.53
2462.44
2459.62
2456.21
2452.23
2447.66
2442.61
2437.1
2431.01
2424.33
2417.05
2409.11
2400.45
2390.98
2380.59
2369.18
2356.56
2342.84
2327.89
2311.67
2292.94
2268.67
2238.31
2203.16
2165.88
2130.34
2096.97
2060.86
2021.88
1980.16
1935.97
1889.62
1841.47
1791.94
1741.47
1690.63
1639.71
1589.08
1538.94
1489.25
1439.88
1390.6
1341.18
1291.64
1242.31
1193.49
1145.21
1096.54
1045.66
993.681
942.862
893.884
847.147
802.031
759.77
719.431
682.471
646.985
615.292
584.317
226.749
227.677
229.993
234.047
239.923
247.399
256.335
266.417
278.383
291.125
306.9
323.017
342.442
362.808
386.35
411.846
441.707
475.867
485.986
471.691
442.864
412.076
386.647
369.863
359.511
352.281
347.699
345.569
345.037
345.405
346.074
346.883
347.654
348.437
349.276
350.19
351.129
352.168
353.254
354.411
355.645
356.943
358.296
359.742
361.256
362.905
364.636
366.558
368.641
370.885
373.267
375.799
378.52
381.479
384.604
387.822
391.366
395.565
401.062
408.558
418.37
430.746
445.483
462.634
482.54
505.869
533.636
567.234
608.351
658.351
718.276
789.328
872.501
967.622
1073.56
1188.28
1309.44
1434.96
1562.75
1690.72
1816.35
1937.4
2052.36
2160.25
2260.15
2351.6
2434.69
2509.63
2576.88
2636.75
2689.56
2735.36
2774.61
2808.11
2836.61
2860.82
2881.42
2899.03
2914.13
2926.99
2937.71
2946.34
2952.88
2957.34
2959.85
2960.6
2959.71
2957.31
2953.57
2948.63
2942.68
2935.87
2928.28
2920.06
2911.3
2902.07
2892.46
2882.61
2872.29
2861.33
2849.89
2837.71
2823.28
2806.82
2788.51
2768.48
2746.86
2723.92
2700
2675.22
2649.88
2624.5
2599.63
2575.42
2551.73
2528.59
2506.26
2484.35
2461.81
2438.7
2415.75
2392.83
2369.8
2346.51
2322.79
2298.53
2273.46
2247.6
2220.79
2192.91
2163.74
2132.98
2099.25
2056.81
2004.97
1947.37
1889.35
1836.56
1789.54
1741.61
1692.48
1642.39
1591.9
1541.35
1491.15
1441.73
1393.55
1347.06
1302.7
1260.93
1221.98
1185.9
1152.59
1121.8
1093.19
1066.4
1041.41
1017.97
994.892
970.223
939.656
905.511
871.506
837.455
801.209
763.389
726.605
690.73
657.018
623.883
593.449
563.369
226.55
226.521
226.539
226.639
226.881
227.336
228.182
229.545
232.049
235.539
241.487
249.101
259.852
272.825
288.407
306.149
327.411
352.393
359.657
352.856
338.352
323.042
310.704
302.849
298.291
295.361
293.774
293.403
293.825
294.69
295.732
296.889
298.067
299.267
300.537
301.88
303.275
304.755
306.291
307.856
309.459
311.068
312.683
314.31
315.94
317.602
319.271
320.999
322.777
324.59
326.432
328.307
330.245
332.273
334.359
336.463
338.732
341.368
344.781
349.414
355.477
363.146
372.305
382.928
395.081
408.902
424.634
442.677
463.632
488.054
516.524
549.887
589.042
634.501
686.383
744.406
808.062
876.868
950.18
1027.21
1106.72
1187.32
1267.87
1347.48
1425.21
1500.21
1571.88
1639.64
1703.21
1762.23
1816.67
1866.5
1911.86
1952.99
1990.19
2023.63
2053.56
2080.28
2104.14
2125.55
2144.65
2161.71
2176.9
2190.43
2202.47
2213.2
2222.73
2231.17
2238.55
2244.95
2250.43
2255.08
2258.96
2262.14
2264.64
2266.48
2267.63
2268.07
2267.79
2266.81
2265.04
2262.43
2259.43
2254.55
2247.59
2238.45
2227.02
2213.38
2197.61
2179.92
2160.58
2140.19
2119.48
2098.73
2077.88
2057
2036.39
2015.87
1994.28
1971.69
1948.98
1926.07
1902.85
1879.21
1855.03
1830.23
1804.69
1778.33
1751.03
1722.72
1693.32
1662.7
1629.5
1587.99
1539.94
1489.48
1440.92
1398.34
1361.76
1324.77
1287.07
1248.89
1210.49
1172.2
1134.38
1097.43
1061.75
1027.75
995.813
966.252
939.328
915.203
893.878
875.186
858.732
843.919
829.979
816.114
801.747
786.506
771.525
756.759
743.985
731.013
712.322
689.358
665.872
641.982
616.795
589.968
564.162
537.695
226.548
226.5
226.458
226.424
226.398
226.385
226.399
226.458
226.659
227.083
228.025
229.786
232.656
237.346
243.645
251.673
262.191
275.646
279.83
278.272
273.884
269.165
265.5
263.461
262.629
262.383
262.614
263.27
264.192
265.237
266.304
267.37
268.407
269.417
270.429
271.474
272.552
273.692
274.887
276.109
277.372
278.649
279.943
281.248
282.563
283.894
285.228
286.59
287.974
289.367
290.763
292.158
293.572
295.018
296.476
297.919
299.438
301.155
303.322
306.213
309.919
314.542
320.006
326.29
333.409
341.391
350.28
360.172
371.24
383.632
397.529
413.291
431.348
452.022
475.524
501.94
531.29
563.624
598.915
637.054
677.671
720.225
764.242
809.34
855.017
900.769
946.134
990.637
1033.92
1075.56
1115.34
1153.05
1188.56
1221.85
1252.92
1281.71
1308.22
1332.54
1354.77
1375.11
1393.56
1410.23
1425.19
1438.59
1450.56
1461.24
1470.75
1479.17
1486.52
1492.89
1498.31
1502.87
1506.64
1509.68
1512.02
1513.66
1514.56
1514.69
1514.03
1512.6
1510.31
1507.04
1502.55
1497.12
1490.64
1483.07
1474.36
1464.54
1453.66
1441.81
1429.13
1415.94
1402.65
1389.43
1376.21
1363.05
1350.11
1337.29
1323.9
1309.96
1295.98
1281.9
1267.65
1253.17
1238.39
1223.24
1207.68
1191.64
1175.07
1157.92
1140.15
1121.69
1101.62
1075.73
1045.15
1012.8
981.827
955.28
933.224
911.017
888.431
865.582
842.614
819.692
796.997
774.729
753.103
732.344
712.68
694.348
677.575
662.587
649.575
638.697
630.026
623.556
619.059
616.168
614.251
612.656
610.588
607.111
601.191
593.08
584.651
575.831
567.873
559.575
547.037
530.935
514.606
496.945
226.55
226.501
226.458
226.421
226.39
226.363
226.343
226.334
226.343
226.433
226.574
226.978
227.672
229.008
231.148
234.008
237.947
243.349
245.571
246.111
245.888
245.52
245.391
245.707
246.368
247.18
248.111
249.152
250.247
251.344
252.403
253.416
254.379
255.291
256.162
257.02
257.866
258.713
259.566
260.411
261.259
262.099
262.936
263.769
264.598
265.426
266.25
267.081
267.917
268.752
269.584
270.411
271.241
272.083
272.925
273.754
274.616
275.576
276.77
278.351
280.368
282.88
285.848
289.258
293.112
297.413
302.167
307.391
313.133
319.414
326.269
333.818
342.217
351.585
362.007
373.539
386.233
400.175
415.432
432.045
449.95
468.986
489.025
509.976
531.667
553.901
576.48
599.175
621.795
644.092
665.907
687.083
707.499
727.083
745.781
763.49
780.164
795.782
810.363
823.973
836.573
848.188
858.833
868.559
877.433
885.523
892.878
899.531
905.488
910.777
915.424
919.461
922.937
925.879
928.302
930.204
931.548
932.313
932.494
932.096
931.06
929.31
926.776
923.712
920.071
915.839
910.988
905.546
899.538
893.022
886.07
878.852
871.577
864.33
857.084
849.863
842.755
835.711
828.386
820.785
813.169
805.511
797.774
789.928
781.937
773.775
765.41
756.816
747.968
738.845
729.423
719.683
709.068
694.992
678.155
660.344
643.444
629.304
617.951
606.522
594.872
583.047
571.103
559.104
547.121
535.233
523.522
512.08
500.998
490.376
480.312
470.924
462.324
454.656
448.061
442.727
438.823
436.552
436.013
437.269
440.138
444.295
448.987
453.497
456.993
458.835
457.949
454.423
450.056
444.647
439.164
433.495
226.567
226.517
226.473
226.435
226.402
226.375
226.352
226.34
226.334
226.373
226.442
226.604
226.913
227.446
228.327
229.599
231.195
233.272
234.601
235.561
236.338
237.044
237.781
238.64
239.604
240.602
241.626
242.674
243.725
244.751
245.735
246.671
247.558
248.396
249.191
249.953
250.685
251.394
252.082
252.746
253.39
254.012
254.614
255.196
255.761
256.31
256.843
257.365
257.876
258.375
258.861
259.334
259.798
260.257
260.708
261.144
261.587
262.057
262.614
263.337
264.256
265.407
266.776
268.362
270.168
272.196
274.445
276.921
279.635
282.587
285.776
289.24
293.03
297.177
301.7
306.61
311.921
317.67
323.89
330.611
337.825
345.482
353.555
362.038
370.886
380.04
389.438
398.999
408.654
418.301
427.873
437.298
446.516
455.486
464.172
472.515
480.48
488.043
495.196
501.959
508.299
514.216
519.705
524.78
529.466
533.788
537.765
541.408
544.713
547.691
550.349
552.703
554.772
556.57
558.102
559.365
560.336
561.004
561.364
561.419
561.135
560.474
559.46
558.226
556.751
555.029
553.048
550.819
548.351
545.667
542.796
539.808
536.789
533.776
530.757
527.74
524.764
521.809
518.726
515.516
512.293
509.046
505.758
502.418
499.012
495.527
491.951
488.274
484.481
480.566
476.516
472.322
467.687
461.196
453.227
444.745
436.764
430.288
425.334
420.331
415.196
409.943
404.587
399.148
393.648
388.114
382.57
377.05
371.579
366.192
360.915
355.783
350.816
346.049
341.503
337.219
333.231
329.614
326.447
323.882
322.076
321.281
321.684
323.529
326.801
331.493
337.044
343.027
348.456
352.977
355.182
355.104
226.57
226.52
226.476
226.438
226.406
226.379
226.356
226.342
226.336
226.354
226.409
226.515
226.72
227.043
227.535
228.249
229.186
230.253
231.188
232.068
232.892
233.677
234.462
235.299
236.185
237.084
237.992
238.907
239.818
240.708
241.563
242.379
243.156
243.89
244.587
245.252
245.884
246.49
247.07
247.623
248.152
248.656
249.137
249.596
250.034
250.452
250.851
251.233
251.6
251.95
252.284
252.602
252.907
253.192
253.456
253.698
253.929
254.164
254.433
254.775
255.199
255.72
256.331
257.031
257.821
258.702
259.675
260.741
261.905
263.167
264.523
265.986
267.573
269.293
271.146
273.132
275.25
277.51
279.922
282.496
285.228
288.096
291.095
294.228
297.482
300.842
304.291
307.803
311.357
314.921
318.471
321.983
325.437
328.816
332.109
335.29
338.345
341.264
344.042
346.685
349.176
351.515
353.697
355.725
357.608
359.354
360.969
362.456
363.812
365.04
366.142
367.123
367.991
368.75
369.401
369.943
370.365
370.662
370.832
370.875
370.776
370.521
370.153
369.71
369.185
368.576
367.877
367.093
366.227
365.285
364.276
363.227
362.165
361.103
360.037
358.971
357.916
356.867
355.771
354.627
353.476
352.315
351.137
349.94
348.716
347.464
346.178
344.855
343.488
342.076
340.614
339.097
337.392
334.841
331.613
328.149
324.913
322.375
320.547
318.696
316.783
314.809
312.776
310.688
308.551
306.369
304.15
301.902
299.632
297.349
295.061
292.778
290.505
288.25
286.015
283.805
281.618
279.458
277.319
275.209
273.129
271.103
269.155
267.352
265.777
264.583
263.925
264.042
265.039
267.144
270.075
273.906
226.57
226.52
226.477
226.44
226.408
226.381
226.359
226.343
226.337
226.346
226.389
226.468
226.613
226.837
227.154
227.589
228.165
228.898
229.618
230.338
231.031
231.7
232.369
233.072
233.808
234.553
235.305
236.062
236.818
237.558
238.273
238.959
239.615
240.238
240.831
241.396
241.934
242.448
242.94
243.407
243.852
244.274
244.675
245.055
245.415
245.757
246.081
246.383
246.661
246.916
247.149
247.363
247.559
247.74
247.907
248.059
248.201
248.344
248.503
248.7
248.938
249.22
249.541
249.896
250.283
250.703
251.153
251.634
252.148
252.692
253.266
253.875
254.525
255.217
255.952
256.727
257.541
258.397
259.296
260.242
261.232
262.255
263.31
264.399
265.519
266.663
267.828
269.006
270.19
271.371
272.543
273.698
274.83
275.936
277.011
278.048
279.042
279.991
280.893
281.75
282.557
283.314
284.018
284.671
285.276
285.835
286.351
286.824
287.253
287.64
287.984
288.287
288.553
288.782
288.975
289.132
289.248
289.321
289.352
289.34
289.279
289.164
289.023
288.86
288.672
288.459
288.218
287.952
287.661
287.346
287.012
286.664
286.312
285.961
285.608
285.254
284.903
284.554
284.19
283.81
283.428
283.042
282.65
282.252
281.845
281.428
281
280.559
280.105
279.635
279.148
278.644
278.066
277.141
275.935
274.627
273.41
272.483
271.858
271.223
270.562
269.873
269.157
268.412
267.639
266.836
266.003
265.142
264.252
263.334
262.39
261.421
260.428
259.415
258.382
257.332
256.263
255.178
254.075
252.953
251.811
250.649
249.465
248.259
247.034
245.793
244.544
243.301
242.085
240.937
239.91
239.097
226.57
226.521
226.478
226.441
226.41
226.383
226.362
226.345
226.338
226.343
226.373
226.432
226.536
226.693
226.906
227.185
227.538
227.976
228.46
229.016
229.585
230.134
230.68
231.247
231.839
232.437
233.041
233.65
234.26
234.859
235.44
236
236.537
237.05
237.54
238.006
238.453
238.879
239.287
239.668
240.018
240.338
240.631
240.9
241.147
241.374
241.584
241.777
241.956
242.122
242.274
242.413
242.542
242.661
242.771
242.87
242.964
243.057
243.164
243.298
243.46
243.649
243.859
244.086
244.327
244.58
244.843
245.114
245.394
245.681
245.973
246.273
246.584
246.904
247.235
247.573
247.919
248.273
248.636
249.008
249.389
249.773
250.159
250.55
250.944
251.339
251.734
252.128
252.518
252.901
253.276
253.641
253.995
254.337
254.665
254.98
255.278
255.56
255.825
256.075
256.308
256.525
256.724
256.906
257.073
257.226
257.364
257.489
257.601
257.699
257.783
257.856
257.917
257.966
258.005
258.032
258.047
258.049
258.038
258.015
257.977
257.923
257.863
257.795
257.72
257.636
257.544
257.444
257.335
257.22
257.097
256.971
256.843
256.715
256.587
256.458
256.331
256.204
256.071
255.934
255.795
255.655
255.513
255.369
255.221
255.071
254.916
254.756
254.592
254.422
254.246
254.064
253.85
253.481
252.983
252.435
251.926
251.551
251.317
251.079
250.83
250.567
250.29
249.998
249.689
249.362
249.015
248.648
248.258
247.846
247.41
246.949
246.464
245.955
245.422
244.866
244.288
243.688
243.067
242.425
241.762
241.079
240.375
239.651
238.908
238.147
237.368
236.575
235.77
234.956
234.137
233.315
226.569
226.521
226.479
226.443
226.412
226.386
226.365
226.348
226.34
226.341
226.362
226.406
226.481
226.592
226.741
226.929
227.158
227.429
227.727
228.06
228.419
228.795
229.189
229.603
230.041
230.488
230.943
231.399
231.854
232.296
232.722
233.125
233.506
233.862
234.195
234.503
234.793
235.065
235.323
235.563
235.788
235.997
236.192
236.375
236.545
236.703
236.851
236.99
237.119
237.24
237.352
237.456
237.552
237.642
237.725
237.801
237.872
237.944
238.025
238.128
238.25
238.391
238.546
238.711
238.884
239.063
239.246
239.432
239.62
239.808
239.996
240.184
240.374
240.565
240.757
240.948
241.138
241.327
241.515
241.702
241.888
242.071
242.249
242.424
242.596
242.764
242.928
243.087
243.241
243.389
243.531
243.666
243.795
243.916
244.031
244.138
244.239
244.332
244.418
244.497
244.57
244.636
244.695
244.749
244.796
244.838
244.876
244.908
244.936
244.959
244.978
244.992
245.003
245.009
245.012
245.012
245.007
244.999
244.986
244.969
244.947
244.921
244.892
244.86
244.825
244.786
244.743
244.697
244.648
244.595
244.54
244.482
244.424
244.366
244.308
244.25
244.191
244.134
244.073
244.011
243.948
243.884
243.819
243.754
243.687
243.618
243.548
243.477
243.403
243.327
243.248
243.167
243.069
242.88
242.615
242.321
242.05
241.861
241.758
241.655
241.546
241.431
241.308
241.177
241.036
240.884
240.718
240.538
240.343
240.13
239.898
239.648
239.378
239.087
238.777
238.447
238.099
237.732
237.346
236.944
236.524
236.087
235.634
235.165
234.681
234.182
233.669
233.143
232.607
232.062
231.51
230.953
226.567
226.52
226.479
226.444
226.414
226.389
226.368
226.351
226.342
226.34
226.353
226.385
226.44
226.521
226.63
226.764
226.924
227.107
227.308
227.531
227.772
228.023
228.283
228.551
228.828
229.106
229.385
229.661
229.935
230.199
230.453
230.693
230.921
231.134
231.335
231.52
231.693
231.858
232.016
232.164
232.302
232.431
232.552
232.664
232.769
232.867
232.959
233.045
233.125
233.2
233.27
233.335
233.395
233.451
233.503
233.55
233.594
233.639
233.689
233.755
233.834
233.925
234.025
234.132
234.245
234.361
234.48
234.6
234.721
234.843
234.963
235.084
235.205
235.325
235.446
235.564
235.681
235.796
235.91
236.021
236.131
236.236
236.337
236.436
236.53
236.622
236.71
236.794
236.874
236.949
237.021
237.088
237.151
237.209
237.264
237.314
237.36
237.403
237.442
237.477
237.509
237.537
237.562
237.585
237.604
237.621
237.636
237.649
237.659
237.667
237.673
237.678
237.68
237.682
237.681
237.679
237.675
237.67
237.663
237.654
237.643
237.63
237.616
237.601
237.584
237.565
237.545
237.523
237.5
237.475
237.448
237.421
237.394
237.366
237.339
237.312
237.284
237.258
237.23
237.201
237.171
237.142
237.113
237.083
237.053
237.022
236.991
236.959
236.927
236.894
236.861
236.826
236.782
236.675
236.518
236.343
236.185
236.085
236.045
236.005
235.963
235.917
235.867
235.811
235.748
235.676
235.596
235.504
235.401
235.284
235.153
235.008
234.848
234.672
234.482
234.278
234.06
233.828
233.583
233.325
233.055
232.773
232.479
232.173
231.856
231.528
231.19
230.841
230.484
230.119
229.747
229.37
226.564
226.517
226.478
226.444
226.415
226.39
226.37
226.354
226.343
226.34
226.347
226.369
226.412
226.476
226.565
226.677
226.809
226.952
227.099
227.243
227.397
227.558
227.723
227.889
228.055
228.218
228.379
228.534
228.685
228.828
228.966
229.096
229.22
229.337
229.447
229.549
229.646
229.738
229.828
229.912
229.991
230.065
230.134
230.199
230.258
230.314
230.366
230.414
230.459
230.5
230.539
230.574
230.607
230.637
230.665
230.689
230.713
230.735
230.761
230.794
230.834
230.879
230.93
230.984
231.04
231.099
231.159
231.221
231.283
231.345
231.407
231.469
231.532
231.595
231.657
231.719
231.78
231.84
231.899
231.958
232.015
232.07
232.122
232.173
232.222
232.269
232.314
232.357
232.398
232.437
232.473
232.507
232.539
232.569
232.597
232.622
232.646
232.667
232.687
232.705
232.721
232.736
232.749
232.76
232.77
232.779
232.787
232.794
232.8
232.805
232.808
232.811
232.814
232.815
232.816
232.816
232.815
232.814
232.811
232.808
232.804
232.799
232.794
232.788
232.781
232.775
232.767
232.759
232.75
232.741
232.731
232.721
232.711
232.701
232.691
232.681
232.671
232.661
232.651
232.641
232.63
232.62
232.609
232.599
232.588
232.578
232.567
232.557
232.547
232.537
232.527
232.517
232.504
232.458
232.389
232.313
232.251
232.222
232.226
232.231
232.236
232.239
232.239
232.235
232.225
232.209
232.184
232.151
232.108
232.055
231.99
231.914
231.827
231.728
231.618
231.498
231.366
231.225
231.074
230.913
230.743
230.564
230.376
230.179
229.973
229.759
229.536
229.305
229.067
228.821
228.57
228.313
226.561
226.515
226.477
226.444
226.417
226.393
226.373
226.358
226.345
226.341
226.342
226.359
226.392
226.449
226.531
226.644
226.783
226.957
227.165
227.382
227.587
227.769
227.93
228.073
228.204
228.323
228.433
228.534
228.628
228.713
228.793
228.866
228.935
228.998
229.058
229.114
229.166
229.214
229.26
229.301
229.338
229.372
229.402
229.428
229.451
229.472
229.489
229.505
229.518
229.529
229.538
229.546
229.552
229.557
229.56
229.563
229.564
229.564
229.565
229.571
229.578
229.588
229.6
229.613
229.627
229.642
229.658
229.674
229.691
229.709
229.726
229.744
229.762
229.78
229.798
229.817
229.835
229.853
229.871
229.89
229.907
229.924
229.941
229.956
229.972
229.986
230.001
230.014
230.027
230.04
230.051
230.062
230.072
230.082
230.09
230.098
230.106
230.112
230.118
230.124
230.129
230.133
230.137
230.14
230.143
230.146
230.148
230.15
230.151
230.153
230.154
230.154
230.155
230.155
230.155
230.154
230.154
230.153
230.152
230.151
230.149
230.147
230.145
230.143
230.141
230.139
230.137
230.135
230.133
230.131
230.128
230.126
230.124
230.123
230.121
230.12
230.119
230.118
230.118
230.118
230.119
230.12
230.121
230.124
230.128
230.132
230.138
230.146
230.156
230.169
230.185
230.205
230.227
230.242
230.254
230.274
230.307
230.351
230.392
230.425
230.451
230.469
230.481
230.485
230.482
230.471
230.453
230.426
230.392
230.35
230.301
230.243
230.178
230.106
230.027
229.942
229.85
229.751
229.647
229.536
229.418
229.294
229.164
229.027
228.883
228.733
228.576
228.412
228.242
228.066
227.884
227.697
226.557
226.513
226.476
226.445
226.418
226.396
226.377
226.361
226.348
226.34
226.337
226.349
226.376
226.443
226.566
226.797
227.151
227.469
227.659
227.812
227.998
228.199
228.366
228.512
228.634
228.739
228.828
228.903
228.963
229.013
229.06
229.1
229.137
229.171
229.202
229.232
229.263
229.29
229.313
229.331
229.344
229.354
229.359
229.361
229.361
229.357
229.352
229.345
229.335
229.325
229.314
229.301
229.289
229.276
229.262
229.249
229.236
229.224
229.214
229.208
229.202
229.197
229.192
229.189
229.185
229.182
229.179
229.177
229.174
229.172
229.169
229.167
229.164
229.162
229.16
229.158
229.156
229.155
229.153
229.151
229.15
229.148
229.146
229.144
229.143
229.141
229.14
229.139
229.137
229.136
229.135
229.133
229.132
229.131
229.129
229.128
229.127
229.125
229.124
229.122
229.121
229.119
229.118
229.116
229.115
229.113
229.112
229.11
229.109
229.108
229.106
229.105
229.103
229.102
229.101
229.099
229.098
229.097
229.096
229.094
229.093
229.092
229.091
229.09
229.089
229.088
229.088
229.088
229.088
229.088
229.088
229.089
229.089
229.09
229.091
229.092
229.094
229.095
229.097
229.1
229.103
229.106
229.11
229.115
229.12
229.127
229.136
229.146
229.159
229.175
229.195
229.22
229.254
229.327
229.449
229.645
229.946
230.319
230.619
230.832
230.98
231.093
231.176
231.23
231.261
231.272
231.265
231.243
231.208
231.161
231.103
231.036
230.96
230.876
230.785
230.686
230.58
230.468
230.348
230.221
230.087
229.945
229.796
229.638
229.472
229.298
229.114
228.922
228.72
228.51
228.29
228.063
226.554
226.511
226.476
226.447
226.422
226.401
226.383
226.367
226.354
226.344
226.339
226.342
226.368
226.428
226.56
226.76
227.406
229.52
232.125
234.057
234.35
234.245
234.133
234.032
233.946
233.869
233.803
233.752
233.712
233.667
233.591
233.512
233.438
233.367
233.298
233.231
233.167
233.123
233.101
233.079
233.049
233.014
232.975
232.932
232.887
232.838
232.787
232.733
232.678
232.621
232.563
232.505
232.446
232.387
232.328
232.27
232.214
232.159
232.109
232.071
232.039
232.009
231.98
231.951
231.923
231.896
231.868
231.841
231.814
231.787
231.76
231.734
231.708
231.682
231.657
231.632
231.608
231.583
231.56
231.537
231.514
231.492
231.476
231.462
231.448
231.433
231.419
231.405
231.391
231.377
231.364
231.351
231.338
231.325
231.313
231.301
231.289
231.277
231.265
231.253
231.242
231.23
231.219
231.208
231.196
231.185
231.174
231.163
231.151
231.14
231.129
231.117
231.106
231.094
231.083
231.071
231.059
231.047
231.035
231.022
231.01
230.997
230.984
230.971
230.957
230.944
230.93
230.915
230.901
230.886
230.87
230.854
230.838
230.822
230.805
230.787
230.77
230.751
230.733
230.714
230.695
230.676
230.657
230.637
230.618
230.599
230.58
230.563
230.546
230.531
230.518
230.511
230.583
231.63
233.025
234.305
236.055
237.107
237.209
237.535
237.66
237.653
237.626
237.578
237.502
237.403
237.288
237.158
237.014
236.859
236.693
236.518
236.333
236.139
235.935
235.722
235.499
235.265
235.019
234.761
234.49
234.204
233.903
233.586
233.251
232.897
232.524
232.131
231.716
231.279
230.821
230.34
)
;

boundaryField
{
    back
    {
        type            empty;
    }
    down
    {
        type            omegaWallFunction;
        blending        binomial;
        n               2;
        value           nonuniform List<scalar> 
192
(
2.7246e+07
2.72461e+07
2.72461e+07
2.72461e+07
2.72461e+07
2.72461e+07
2.72461e+07
2.72461e+07
2.72461e+07
2.72461e+07
2.7246e+07
2.7246e+07
2.72459e+07
2.72459e+07
2.72458e+07
2.72474e+07
2.73324e+07
2.75815e+07
2.4768e+07
2.42951e+07
2.56319e+07
2.72674e+07
2.83458e+07
2.88033e+07
2.9372e+07
3.00959e+07
3.08156e+07
3.15473e+07
3.22731e+07
3.29583e+07
3.35814e+07
3.41479e+07
3.46674e+07
3.51586e+07
3.56272e+07
3.60713e+07
3.64892e+07
3.68876e+07
3.72744e+07
3.76401e+07
3.79882e+07
3.82926e+07
3.85726e+07
3.88227e+07
3.9041e+07
3.92405e+07
3.93958e+07
3.95509e+07
3.96693e+07
3.97396e+07
3.97715e+07
3.97653e+07
3.97506e+07
3.97251e+07
3.96285e+07
3.94523e+07
3.93985e+07
3.95707e+07
4.00335e+07
4.09556e+07
4.26121e+07
4.48451e+07
4.669e+07
4.81199e+07
4.9147e+07
4.97032e+07
4.97421e+07
4.9397e+07
4.88721e+07
4.79461e+07
4.67615e+07
4.57985e+07
4.5049e+07
4.42291e+07
4.32538e+07
4.21348e+07
4.09807e+07
3.99307e+07
3.8967e+07
3.80769e+07
3.71708e+07
3.6287e+07
3.54334e+07
3.4628e+07
3.38724e+07
3.31654e+07
3.25135e+07
3.19052e+07
3.13535e+07
3.08397e+07
3.03824e+07
2.99733e+07
2.96114e+07
2.92952e+07
2.90188e+07
2.87728e+07
2.85576e+07
2.8371e+07
2.821e+07
2.80714e+07
2.79501e+07
2.78451e+07
2.77547e+07
2.76762e+07
2.76071e+07
2.75449e+07
2.74887e+07
2.74378e+07
2.7393e+07
2.73526e+07
2.73162e+07
2.72823e+07
2.72493e+07
2.72179e+07
2.71886e+07
2.71631e+07
2.71448e+07
2.71329e+07
2.71259e+07
2.71227e+07
2.71318e+07
2.71567e+07
2.72015e+07
2.72611e+07
2.73444e+07
2.7446e+07
2.75722e+07
2.77093e+07
2.78592e+07
2.801e+07
2.81541e+07
2.82485e+07
2.8266e+07
2.82506e+07
2.82473e+07
2.82346e+07
2.81785e+07
2.81426e+07
2.82798e+07
2.84269e+07
2.84269e+07
2.84268e+07
2.84269e+07
2.84269e+07
2.84269e+07
2.84269e+07
2.84269e+07
2.84269e+07
2.84269e+07
2.8427e+07
2.8427e+07
2.8427e+07
2.84167e+07
2.83298e+07
2.81198e+07
2.78302e+07
2.75367e+07
2.7326e+07
2.72492e+07
2.72458e+07
2.72458e+07
2.72458e+07
2.72458e+07
2.72459e+07
2.72459e+07
2.72459e+07
2.72459e+07
2.72459e+07
2.72459e+07
2.72459e+07
2.7246e+07
2.7246e+07
2.7246e+07
2.7246e+07
2.7246e+07
2.7246e+07
2.72461e+07
2.72461e+07
2.72461e+07
2.72461e+07
2.72461e+07
2.72461e+07
2.72461e+07
2.72461e+07
2.72461e+07
2.72461e+07
2.72461e+07
2.72461e+07
2.72461e+07
2.7246e+07
2.7246e+07
2.7246e+07
)
;
    }
    front
    {
        type            empty;
    }
    inlet
    {
        type            timeVaryingMappedFixedValue;
        fieldTable      omega;
        value           nonuniform List<scalar> 
54
(
226.606
226.61
226.615
226.619
226.623
226.625
226.626
226.626
226.626
226.623
226.604
226.603
226.6
226.552
226.73
313.409
580.725
738.017
867.421
997.981
1143.58
1313.16
1514.79
1755.42
2043.68
2390.77
2845.31
3317.67
3906.37
4667.6
5632.86
6611.4
7902.81
9379.77
11939.2
14513.6
16761
20674.1
27874
35454.9
39692.7
73675.3
126644
171638
210068
253455
290727
322962
351094
5.907e+06
3.18153e+07
5.55073e+07
7.89256e+07
1.01374e+08
)
;
    }
    outlet
    {
        type            zeroGradient;
    }
    up
    {
        type            zeroGradient;
    }
}


// ************************************************************************* //
