/*--------------------------------*- C++ -*----------------------------------*\
| =========                 |                                                 |
| \\      /  F ield         | OpenFOAM: The Open Source CFD Toolbox           |
|  \\    /   O peration     | Version:  2212                                  |
|   \\  /    A nd           | Website:  www.openfoam.com                      |
|    \\/     M anipulation  |                                                 |
\*---------------------------------------------------------------------------*/
FoamFile
{
    version     2.0;
    format      ascii;
    arch        "LSB;label=32;scalar=64";
    class       volScalarField;
    location    "5000";
    object      p;
}
// * * * * * * * * * * * * * * * * * * * * * * * * * * * * * * * * * * * * * //

dimensions      [0 2 -2 0 0 0 0];

internalField   nonuniform List<scalar> 
10368
(
34.9467
33.1127
32.28
31.8414
31.6745
32.0016
33.2285
36.0909
40.9464
49.3381
60.4322
76.2476
94.3177
116.508
138.819
162.967
182.756
193.44
210.547
214.748
204.877
161.353
77.8163
-26.5067
-105.23
-167.53
-232.543
-283.271
-313.729
-335.494
-352.521
-366.922
-380.258
-393.577
-405.694
-416.094
-424.842
-432.086
-437.85
-442.186
-444.715
-445.142
-444.978
-443.079
-440.34
-436.009
-430.387
-423.688
-414.002
-402.477
-389.454
-374.993
-358.95
-339.927
-317.706
-294.772
-272.203
-248.277
-227.58
-214.343
-207.371
-204.278
-202.4
-201.272
-199.97
-198.86
-198.369
-198.26
-198.267
-198.327
-198.417
-198.548
-198.636
-198.748
-198.816
-198.923
-199.009
-199.111
-199.204
-199.279
-199.354
-199.428
-199.506
-199.584
-199.662
-199.746
-199.827
-199.921
-200.011
-200.119
-200.231
-200.353
-200.48
-200.611
-200.732
-200.857
-200.986
-201.113
-201.244
-201.351
-201.462
-201.564
-201.667
-201.764
-201.853
-201.926
-201.986
-202.027
-202.061
-202.084
-202.096
-202.096
-202.076
-202.029
-201.956
-201.849
-201.722
-201.572
-201.401
-201.181
-200.932
-200.654
-200.382
-200.084
-199.804
-199.514
-199.264
-199.014
-198.792
-198.569
-198.373
-198.127
-197.702
-197.087
-196.334
-195.53
-194.502
-193.15
-192.029
-191.193
-189.98
-188.675
-187.209
-185.609
-183.846
-181.912
-179.775
-177.413
-174.793
-171.874
-168.629
-164.994
-160.953
-156.429
-151.395
-145.782
-139.569
-132.66
-125.057
-116.644
-107.462
-97.529
-86.9408
-75.8043
-64.2904
-52.6274
-41.1083
-30.087
-19.943
-11.0299
-3.65371
2.02512
6.01266
8.40697
9.40609
9.35363
8.6484
7.54885
6.27541
5.08538
4.00012
3.12041
2.41536
1.8999
1.51096
1.23848
1.02359
0.854148
0.670046
0.428679
0.110866
-0.100617
34.9444
33.1102
32.2775
31.8391
31.6722
31.9994
33.2262
36.0885
40.9436
49.3348
60.4279
76.2421
94.3105
116.499
138.808
162.955
182.747
193.43
210.542
214.747
204.87
161.331
77.7839
-26.5308
-105.245
-167.542
-232.553
-283.28
-313.738
-335.502
-352.53
-366.931
-380.266
-393.585
-405.702
-416.103
-424.85
-432.095
-437.859
-442.195
-444.724
-445.152
-444.988
-443.089
-440.351
-436.021
-430.399
-423.701
-414.017
-402.493
-389.471
-375.011
-358.971
-339.951
-317.733
-294.799
-272.232
-248.309
-227.608
-214.364
-207.384
-204.286
-202.405
-201.277
-199.975
-198.863
-198.37
-198.261
-198.266
-198.327
-198.416
-198.548
-198.636
-198.748
-198.816
-198.922
-199.009
-199.111
-199.204
-199.279
-199.353
-199.428
-199.505
-199.584
-199.662
-199.746
-199.827
-199.921
-200.01
-200.119
-200.231
-200.353
-200.48
-200.61
-200.732
-200.857
-200.985
-201.113
-201.244
-201.351
-201.462
-201.564
-201.667
-201.764
-201.853
-201.926
-201.986
-202.027
-202.061
-202.084
-202.096
-202.096
-202.076
-202.029
-201.955
-201.849
-201.721
-201.572
-201.401
-201.181
-200.932
-200.653
-200.381
-200.083
-199.804
-199.514
-199.264
-199.013
-198.792
-198.568
-198.372
-198.126
-197.7
-197.085
-196.332
-195.527
-194.499
-193.146
-192.026
-191.19
-189.976
-188.671
-187.204
-185.604
-183.841
-181.906
-179.769
-177.407
-174.786
-171.867
-168.621
-164.986
-160.945
-156.42
-151.386
-145.772
-139.559
-132.649
-125.046
-116.633
-107.45
-97.5176
-86.9297
-75.7935
-64.2803
-52.618
-41.1
-30.0799
-19.9372
-11.0255
-3.65075
2.0268
6.01325
8.40667
9.40514
9.35226
8.64679
7.54709
6.27359
5.08355
3.9983
3.11859
2.41356
1.8981
1.50918
1.2367
1.02184
0.852398
0.668335
0.426973
0.109206
-0.102284
34.9423
33.1082
32.2755
31.837
31.6702
31.9972
33.2239
36.0859
40.9404
49.3309
60.4228
76.2356
94.3023
116.489
138.796
162.943
182.737
193.421
210.537
214.746
204.862
161.308
77.7568
-26.5378
-105.233
-167.52
-232.52
-283.244
-313.703
-335.47
-352.5
-366.903
-380.241
-393.561
-405.679
-416.081
-424.83
-432.076
-437.842
-442.18
-444.711
-445.141
-444.979
-443.082
-440.346
-436.018
-430.399
-423.704
-414.023
-402.502
-389.483
-375.027
-358.99
-339.975
-317.76
-294.827
-272.262
-248.341
-227.637
-214.385
-207.397
-204.293
-202.41
-201.281
-199.979
-198.866
-198.371
-198.261
-198.266
-198.327
-198.416
-198.547
-198.635
-198.748
-198.816
-198.922
-199.008
-199.111
-199.203
-199.279
-199.353
-199.428
-199.505
-199.584
-199.662
-199.746
-199.827
-199.921
-200.01
-200.118
-200.231
-200.352
-200.48
-200.61
-200.732
-200.857
-200.985
-201.113
-201.244
-201.351
-201.462
-201.564
-201.667
-201.764
-201.853
-201.926
-201.986
-202.027
-202.061
-202.084
-202.096
-202.096
-202.075
-202.029
-201.955
-201.848
-201.721
-201.572
-201.4
-201.18
-200.932
-200.653
-200.381
-200.083
-199.803
-199.514
-199.263
-199.013
-198.791
-198.568
-198.372
-198.125
-197.699
-197.084
-196.33
-195.525
-194.496
-193.143
-192.024
-191.188
-189.972
-188.667
-187.2
-185.599
-183.836
-181.901
-179.764
-177.401
-174.779
-171.86
-168.613
-164.978
-160.936
-156.411
-151.377
-145.762
-139.549
-132.639
-125.035
-116.621
-107.439
-97.5063
-86.9185
-75.7827
-64.2701
-52.6087
-41.0917
-30.0728
-19.9315
-11.0214
-3.64808
2.02808
6.01333
8.4058
9.40358
9.35027
8.64457
7.54478
6.27128
5.08126
3.99604
3.11636
2.41136
1.89592
1.50701
1.23454
1.01969
0.850247
0.666188
0.424826
0.107065
-0.104427
34.9614
33.1301
32.2964
31.8566
31.6888
32.0148
33.2404
36.1007
40.953
49.3402
60.4284
76.2363
94.2985
116.481
138.785
162.931
182.728
193.41
210.531
214.744
204.856
161.3
77.7733
-26.4602
-105.104
-167.357
-232.325
-283.037
-313.495
-335.269
-352.307
-366.717
-380.06
-393.383
-405.506
-415.911
-424.667
-431.917
-437.69
-442.033
-444.573
-445.009
-444.856
-442.965
-440.238
-435.918
-430.308
-423.622
-413.954
-402.444
-389.438
-374.992
-358.969
-339.969
-317.768
-294.845
-272.289
-248.373
-227.666
-214.406
-207.41
-204.301
-202.415
-201.285
-199.984
-198.87
-198.373
-198.261
-198.266
-198.327
-198.416
-198.547
-198.635
-198.747
-198.815
-198.922
-199.008
-199.11
-199.203
-199.279
-199.353
-199.428
-199.505
-199.583
-199.662
-199.745
-199.827
-199.92
-200.01
-200.118
-200.231
-200.352
-200.48
-200.61
-200.731
-200.857
-200.985
-201.113
-201.244
-201.351
-201.462
-201.564
-201.667
-201.764
-201.853
-201.926
-201.986
-202.027
-202.061
-202.084
-202.096
-202.096
-202.076
-202.029
-201.955
-201.848
-201.721
-201.571
-201.4
-201.18
-200.932
-200.653
-200.381
-200.082
-199.803
-199.513
-199.263
-199.013
-198.791
-198.568
-198.372
-198.125
-197.698
-197.082
-196.328
-195.522
-194.492
-193.14
-192.021
-191.184
-189.968
-188.663
-187.195
-185.594
-183.83
-181.894
-179.757
-177.393
-174.771
-171.851
-168.604
-164.968
-160.926
-156.4
-151.365
-145.75
-139.537
-132.626
-125.022
-116.608
-107.426
-97.4938
-86.9065
-75.7714
-64.2597
-52.5992
-41.0833
-30.0655
-19.9251
-11.0156
-3.6427
2.03347
6.01909
8.4122
9.41081
9.35846
8.65373
7.55489
6.28221
5.09294
4.00824
3.12905
2.42427
1.90911
1.52017
1.24781
1.03272
0.863295
0.678857
0.437452
0.119239
-0.0921782
35.0504
33.2263
32.3895
31.9458
31.7754
32.098
33.3205
36.176
41.0224
49.4003
60.4782
76.2716
94.3206
116.488
138.782
162.919
182.717
193.399
210.525
214.744
204.863
161.335
77.8858
-26.2388
-104.796
-166.99
-231.906
-282.587
-313.039
-334.814
-351.861
-366.277
-379.628
-392.952
-405.081
-415.489
-424.253
-431.507
-437.292
-441.642
-444.197
-444.643
-444.506
-442.627
-439.916
-435.61
-430.019
-423.349
-413.706
-402.219
-389.238
-374.818
-358.825
-339.86
-317.697
-294.805
-272.283
-248.398
-227.698
-214.428
-207.423
-204.309
-202.421
-201.29
-199.989
-198.873
-198.374
-198.261
-198.266
-198.326
-198.415
-198.546
-198.635
-198.747
-198.815
-198.921
-199.008
-199.11
-199.203
-199.278
-199.353
-199.427
-199.505
-199.583
-199.662
-199.745
-199.827
-199.92
-200.01
-200.118
-200.23
-200.352
-200.48
-200.61
-200.731
-200.857
-200.985
-201.113
-201.244
-201.351
-201.462
-201.564
-201.667
-201.764
-201.853
-201.926
-201.986
-202.027
-202.061
-202.084
-202.096
-202.096
-202.075
-202.029
-201.955
-201.848
-201.721
-201.571
-201.4
-201.179
-200.93
-200.651
-200.379
-200.081
-199.801
-199.512
-199.261
-199.01
-198.789
-198.565
-198.368
-198.12
-197.693
-197.076
-196.321
-195.514
-194.483
-193.13
-192.012
-191.174
-189.957
-188.65
-187.182
-185.579
-183.814
-181.878
-179.739
-177.375
-174.752
-171.832
-168.584
-164.947
-160.904
-156.378
-151.343
-145.727
-139.514
-132.604
-125.001
-116.588
-107.407
-97.4763
-86.8909
-75.7579
-64.248
-52.589
-41.074
-30.0563
-19.9147
-11.0024
-3.62506
2.05702
6.04933
8.44927
9.45422
9.40751
8.70749
7.61269
6.34313
5.15654
4.07378
3.19633
2.49233
1.97809
1.58905
1.31708
1.1012
0.931818
0.746107
0.504556
0.184804
-0.0263478
35.2414
33.4265
32.5851
32.1355
31.9609
32.2784
33.4962
36.3443
41.1817
49.5448
60.6061
76.3745
94.3994
116.536
138.804
162.919
182.71
193.387
210.518
214.751
204.899
161.425
78.0796
-25.9267
-104.393
-166.533
-231.399
-282.033
-312.472
-334.239
-351.284
-365.701
-379.053
-392.375
-404.505
-414.912
-423.678
-430.934
-436.726
-441.08
-443.646
-444.1
-443.975
-442.106
-439.409
-435.115
-429.541
-422.887
-413.268
-401.803
-388.85
-374.463
-358.509
-339.593
-317.486
-294.651
-272.192
-248.384
-227.725
-214.453
-207.437
-204.317
-202.427
-201.295
-199.994
-198.877
-198.376
-198.262
-198.266
-198.326
-198.415
-198.546
-198.634
-198.746
-198.815
-198.921
-199.007
-199.109
-199.202
-199.278
-199.352
-199.427
-199.504
-199.583
-199.661
-199.745
-199.826
-199.92
-200.01
-200.118
-200.23
-200.352
-200.48
-200.61
-200.731
-200.857
-200.985
-201.113
-201.244
-201.351
-201.462
-201.564
-201.666
-201.763
-201.852
-201.925
-201.985
-202.026
-202.06
-202.082
-202.094
-202.094
-202.073
-202.026
-201.951
-201.844
-201.716
-201.566
-201.394
-201.173
-200.924
-200.644
-200.371
-200.072
-199.792
-199.502
-199.251
-198.999
-198.777
-198.552
-198.354
-198.104
-197.673
-197.054
-196.298
-195.489
-194.456
-193.102
-191.985
-191.145
-189.925
-188.617
-187.147
-185.543
-183.777
-181.839
-179.699
-177.334
-174.71
-171.789
-168.54
-164.904
-160.861
-156.335
-151.3
-145.686
-139.474
-132.565
-124.965
-116.555
-107.379
-97.452
-86.8709
-75.7416
-64.2349
-52.5781
-41.0635
-30.0439
-19.8974
-10.9765
-3.58671
2.11091
6.1203
8.53726
9.55767
9.52424
8.83489
7.7488
6.48568
5.30444
4.2253
3.35095
2.64836
2.13571
1.74653
1.47524
1.25808
1.08878
0.900971
0.659178
0.336873
0.126178
35.4899
33.68
32.8349
32.3805
32.2026
32.5159
33.7298
36.5718
41.4017
49.752
60.7985
76.5432
94.5414
116.639
138.871
162.944
182.715
193.375
210.511
214.769
204.959
161.529
78.2654
-25.6453
-104.042
-166.153
-230.982
-281.57
-312.002
-333.758
-350.798
-365.21
-378.559
-391.877
-404.004
-414.407
-423.172
-430.425
-436.216
-440.568
-443.134
-443.588
-443.465
-441.597
-438.904
-434.612
-429.044
-422.395
-412.784
-401.329
-388.389
-374.021
-358.092
-339.208
-317.151
-294.375
-271.987
-248.289
-227.728
-214.479
-207.453
-204.326
-202.433
-201.301
-200.001
-198.882
-198.378
-198.262
-198.266
-198.325
-198.414
-198.545
-198.633
-198.746
-198.814
-198.92
-199.007
-199.109
-199.202
-199.278
-199.352
-199.427
-199.504
-199.583
-199.661
-199.745
-199.826
-199.92
-200.009
-200.117
-200.23
-200.351
-200.479
-200.609
-200.73
-200.856
-200.984
-201.111
-201.242
-201.349
-201.459
-201.561
-201.663
-201.759
-201.848
-201.92
-201.979
-202.019
-202.052
-202.074
-202.085
-202.084
-202.062
-202.014
-201.938
-201.83
-201.701
-201.549
-201.376
-201.154
-200.903
-200.623
-200.349
-200.049
-199.767
-199.476
-199.223
-198.97
-198.746
-198.519
-198.319
-198.065
-197.632
-197.01
-196.251
-195.44
-194.404
-193.05
-191.934
-191.091
-189.869
-188.559
-187.088
-185.483
-183.716
-181.777
-179.637
-177.271
-174.647
-171.726
-168.478
-164.842
-160.8
-156.276
-151.243
-145.632
-139.423
-132.519
-124.923
-116.518
-107.347
-97.4253
-86.8493
-75.7246
-64.2213
-52.5664
-41.0516
-30.0287
-19.875
-10.9422
-3.53548
2.18336
6.21664
8.65826
9.70192
9.68905
9.01654
7.94408
6.69102
5.51751
4.44041
3.568
2.8661
2.35445
1.96486
1.69396
1.4755
1.30621
1.11641
0.874394
0.549719
0.339441
35.7103
33.8989
33.0523
32.5963
32.4172
32.729
33.9415
36.7812
41.6082
49.9534
60.9934
76.7266
94.7087
116.778
138.976
163.001
182.741
193.365
210.506
214.792
205.011
161.578
78.3848
-25.4435
-103.79
-165.891
-230.693
-281.238
-311.673
-333.423
-350.459
-364.867
-378.214
-391.528
-403.651
-414.05
-422.813
-430.063
-435.85
-440.197
-442.76
-443.211
-443.085
-441.215
-438.521
-434.228
-428.659
-422.008
-412.398
-400.944
-388.007
-373.639
-357.709
-338.827
-316.787
-294.042
-271.698
-248.101
-227.679
-214.497
-207.471
-204.335
-202.439
-201.307
-200.007
-198.887
-198.38
-198.263
-198.266
-198.325
-198.413
-198.544
-198.633
-198.745
-198.814
-198.92
-199.006
-199.108
-199.202
-199.277
-199.352
-199.426
-199.504
-199.582
-199.66
-199.744
-199.825
-199.919
-200.008
-200.116
-200.228
-200.349
-200.476
-200.606
-200.727
-200.851
-200.979
-201.105
-201.235
-201.341
-201.451
-201.551
-201.652
-201.748
-201.835
-201.906
-201.964
-202.003
-202.035
-202.055
-202.065
-202.062
-202.038
-201.988
-201.911
-201.801
-201.671
-201.518
-201.343
-201.12
-200.868
-200.586
-200.311
-200.01
-199.727
-199.434
-199.18
-198.926
-198.7
-198.471
-198.268
-198.011
-197.575
-196.952
-196.192
-195.379
-194.343
-192.99
-191.875
-191.028
-189.806
-188.496
-187.024
-185.42
-183.653
-181.715
-179.575
-177.21
-174.588
-171.668
-168.422
-164.788
-160.748
-156.227
-151.197
-145.589
-139.384
-132.483
-124.891
-116.49
-107.322
-97.4042
-86.8313
-75.7093
-64.2081
-52.5541
-41.0387
-30.0133
-19.8544
-10.9132
-3.49433
2.24084
6.29446
8.75953
9.82792
9.83916
9.1881
8.13392
6.89512
5.72962
4.65035
3.77678
3.07385
2.56169
2.17129
1.90011
1.68071
1.51131
1.32035
1.07823
0.752316
0.542215
35.8728
34.058
33.2108
32.7545
32.5752
32.8866
34.0987
36.9378
41.7639
50.1072
61.1447
76.8729
94.851
116.913
139.091
163.077
182.789
193.364
210.505
214.804
205.021
161.544
78.4149
-25.3062
-103.611
-165.717
-230.495
-280.993
-311.441
-333.186
-350.218
-364.624
-377.968
-391.278
-403.398
-413.793
-422.553
-429.8
-435.584
-439.928
-442.489
-442.938
-442.811
-440.939
-438.244
-433.949
-428.38
-421.727
-412.118
-400.664
-387.729
-373.354
-357.418
-338.528
-316.477
-293.728
-271.384
-247.844
-227.562
-214.493
-207.489
-204.344
-202.445
-201.312
-200.015
-198.892
-198.382
-198.263
-198.265
-198.324
-198.412
-198.543
-198.632
-198.745
-198.813
-198.919
-199.005
-199.107
-199.2
-199.276
-199.35
-199.425
-199.502
-199.58
-199.658
-199.741
-199.822
-199.915
-200.003
-200.11
-200.222
-200.342
-200.468
-200.597
-200.717
-200.84
-200.967
-201.092
-201.221
-201.326
-201.435
-201.534
-201.634
-201.727
-201.813
-201.883
-201.94
-201.977
-202.008
-202.026
-202.035
-202.031
-202.005
-201.955
-201.877
-201.765
-201.634
-201.48
-201.305
-201.081
-200.828
-200.546
-200.27
-199.969
-199.686
-199.393
-199.138
-198.883
-198.656
-198.427
-198.223
-197.962
-197.527
-196.905
-196.145
-195.333
-194.298
-192.948
-191.835
-190.984
-189.765
-188.456
-186.985
-185.382
-183.616
-181.68
-179.542
-177.178
-174.557
-171.639
-168.394
-164.762
-160.724
-156.204
-151.176
-145.57
-139.367
-132.468
-124.876
-116.476
-107.308
-97.3905
-86.8178
-75.6959
-64.1948
-52.5408
-41.0253
-29.9995
-19.84
-10.8975
-3.47602
2.26435
6.32705
8.80596
9.89262
9.92523
9.29622
8.26306
7.04244
5.88817
4.80928
3.93465
3.23091
2.71832
2.32746
2.05605
1.83615
1.66667
1.47514
1.233
0.906537
0.6965
35.9943
34.1763
33.3283
32.8718
32.6921
33.003
34.2147
37.053
41.8778
50.2191
61.2537
76.9773
94.9535
117.013
139.191
163.152
182.845
193.373
210.506
214.798
204.98
161.452
78.292
-25.2143
-103.484
-165.606
-230.36
-280.803
-311.274
-333.015
-350.045
-364.449
-377.791
-391.098
-403.214
-413.606
-422.363
-429.606
-435.388
-439.729
-442.287
-442.734
-442.606
-440.731
-438.035
-433.737
-428.167
-421.51
-411.9
-400.444
-387.508
-373.13
-357.192
-338.299
-316.238
-293.467
-271.091
-247.545
-227.384
-214.45
-207.503
-204.355
-202.451
-201.318
-200.022
-198.898
-198.384
-198.263
-198.265
-198.323
-198.411
-198.542
-198.63
-198.743
-198.811
-198.917
-199.003
-199.105
-199.197
-199.273
-199.346
-199.42
-199.497
-199.574
-199.651
-199.734
-199.814
-199.906
-199.994
-200.1
-200.211
-200.33
-200.455
-200.583
-200.702
-200.824
-200.95
-201.074
-201.202
-201.306
-201.414
-201.512
-201.611
-201.704
-201.789
-201.859
-201.914
-201.951
-201.981
-201.999
-202.007
-202.003
-201.977
-201.926
-201.848
-201.737
-201.606
-201.452
-201.277
-201.053
-200.802
-200.52
-200.245
-199.945
-199.663
-199.37
-199.116
-198.862
-198.635
-198.406
-198.2
-197.938
-197.507
-196.887
-196.128
-195.317
-194.284
-192.937
-191.829
-190.972
-189.755
-188.448
-186.978
-185.376
-183.611
-181.676
-179.538
-177.175
-174.555
-171.637
-168.392
-164.76
-160.722
-156.202
-151.174
-145.567
-139.363
-132.463
-124.87
-116.468
-107.298
-97.3792
-86.8051
-75.6821
-64.1803
-52.5263
-41.0114
-29.9871
-19.83
-10.8908
-3.47309
2.26396
6.32522
8.80621
9.89984
9.94465
9.33189
8.31734
7.11544
5.98151
4.91828
4.04724
3.34428
2.83212
2.44149
2.17035
1.95025
1.78091
1.58895
1.34687
1.01997
0.810009
36.086
34.2632
33.4145
32.9579
32.7781
33.0887
34.3002
37.1379
41.962
50.3017
61.3344
77.0547
95.0277
117.082
139.264
163.212
182.897
193.39
210.509
214.772
204.903
161.327
77.9812
-25.1585
-103.383
-165.537
-230.267
-280.644
-311.153
-332.891
-349.919
-364.322
-377.662
-390.966
-403.079
-413.468
-422.221
-429.462
-435.241
-439.578
-442.134
-442.579
-442.448
-440.571
-437.871
-433.571
-427.997
-421.335
-411.724
-400.265
-387.326
-372.944
-357.002
-338.104
-316.04
-293.256
-270.846
-247.234
-227.148
-214.358
-207.503
-204.368
-202.458
-201.325
-200.03
-198.904
-198.385
-198.262
-198.263
-198.321
-198.408
-198.539
-198.627
-198.739
-198.807
-198.912
-198.998
-199.099
-199.191
-199.266
-199.339
-199.412
-199.488
-199.565
-199.641
-199.723
-199.803
-199.894
-199.981
-200.087
-200.197
-200.316
-200.44
-200.568
-200.686
-200.809
-200.934
-201.058
-201.186
-201.29
-201.397
-201.496
-201.595
-201.688
-201.773
-201.842
-201.898
-201.936
-201.966
-201.984
-201.993
-201.989
-201.964
-201.913
-201.836
-201.726
-201.596
-201.443
-201.269
-201.047
-200.797
-200.517
-200.243
-199.944
-199.663
-199.371
-199.118
-198.864
-198.639
-198.409
-198.202
-197.94
-197.511
-196.892
-196.135
-195.324
-194.292
-192.948
-191.845
-190.981
-189.765
-188.458
-186.989
-185.387
-183.622
-181.686
-179.548
-177.185
-174.564
-171.645
-168.399
-164.766
-160.726
-156.205
-151.175
-145.567
-139.361
-132.458
-124.863
-116.458
-107.287
-97.3656
-86.7899
-75.6659
-64.1637
-52.5101
-40.9966
-29.9747
-19.8211
-10.8866
-3.47483
2.25553
6.31011
8.78559
9.87656
9.92306
9.31693
8.31347
7.12586
6.01184
4.97823
4.1237
3.42651
2.91548
2.52523
2.25459
2.03454
1.86553
1.67327
1.43131
1.1041
0.894193
36.1551
34.3254
33.4759
33.0196
32.8398
33.1504
34.3618
37.1992
42.0227
50.3614
61.3926
77.1107
95.0812
117.131
139.314
163.255
182.94
193.409
210.512
214.734
204.801
161.177
77.6211
-25.1956
-103.293
-165.489
-230.197
-280.494
-311.059
-332.796
-349.824
-364.226
-377.564
-390.865
-402.975
-413.361
-422.111
-429.348
-435.124
-439.459
-442.012
-442.454
-442.32
-440.44
-437.738
-433.433
-427.856
-421.188
-411.576
-400.113
-387.171
-372.782
-356.835
-337.933
-315.866
-293.072
-270.639
-246.949
-226.847
-214.214
-207.478
-204.379
-202.468
-201.336
-200.042
-198.913
-198.387
-198.26
-198.26
-198.317
-198.403
-198.533
-198.621
-198.733
-198.8
-198.905
-198.99
-199.09
-199.182
-199.256
-199.329
-199.402
-199.478
-199.554
-199.631
-199.712
-199.792
-199.883
-199.97
-200.076
-200.186
-200.305
-200.43
-200.558
-200.677
-200.799
-200.925
-201.05
-201.178
-201.283
-201.391
-201.49
-201.589
-201.683
-201.769
-201.839
-201.895
-201.934
-201.964
-201.984
-201.993
-201.99
-201.966
-201.917
-201.841
-201.732
-201.603
-201.451
-201.278
-201.057
-200.808
-200.529
-200.256
-199.959
-199.678
-199.388
-199.135
-198.882
-198.656
-198.426
-198.217
-197.957
-197.527
-196.908
-196.151
-195.339
-194.307
-192.967
-191.869
-190.996
-189.78
-188.473
-187.003
-185.4
-183.634
-181.697
-179.559
-177.194
-174.571
-171.651
-168.404
-164.769
-160.727
-156.204
-151.172
-145.561
-139.353
-132.448
-124.851
-116.444
-107.271
-97.3479
-86.7712
-75.6467
-64.1448
-52.4921
-40.9805
-29.9614
-19.8117
-10.8823
-3.47667
2.24655
6.29327
8.76066
9.84442
9.88592
9.27833
8.27756
7.09703
5.99324
4.98088
4.15515
3.47625
2.97402
2.58489
2.31491
2.09509
1.92669
1.73424
1.49258
1.16511
0.955282
36.207
34.3695
33.5194
33.0634
32.8837
33.1942
34.4056
37.2427
42.0657
50.4034
61.4331
77.1491
95.1176
117.165
139.346
163.285
182.974
193.428
210.516
214.683
204.68
161.003
77.389
-25.4248
-103.238
-165.444
-230.128
-280.331
-310.979
-332.72
-349.748
-364.149
-377.485
-390.783
-402.888
-413.271
-422.019
-429.253
-435.025
-439.356
-441.907
-442.347
-442.209
-440.325
-437.62
-433.311
-427.73
-421.056
-411.444
-399.975
-387.031
-372.633
-356.682
-337.778
-315.712
-292.903
-270.453
-246.702
-226.493
-214.008
-207.418
-204.383
-202.482
-201.35
-200.06
-198.926
-198.39
-198.258
-198.256
-198.312
-198.397
-198.526
-198.614
-198.726
-198.793
-198.897
-198.981
-199.081
-199.173
-199.248
-199.321
-199.394
-199.47
-199.546
-199.623
-199.705
-199.785
-199.877
-199.965
-200.071
-200.182
-200.302
-200.427
-200.555
-200.675
-200.799
-200.925
-201.051
-201.179
-201.285
-201.394
-201.493
-201.593
-201.688
-201.774
-201.845
-201.902
-201.941
-201.973
-201.993
-202.003
-202
-201.977
-201.928
-201.853
-201.746
-201.618
-201.467
-201.294
-201.074
-200.826
-200.549
-200.276
-199.979
-199.699
-199.41
-199.158
-198.905
-198.678
-198.447
-198.238
-197.976
-197.543
-196.924
-196.166
-195.353
-194.32
-192.984
-191.891
-191.01
-189.791
-188.484
-187.013
-185.409
-183.642
-181.704
-179.564
-177.197
-174.573
-171.651
-168.402
-164.765
-160.722
-156.196
-151.162
-145.55
-139.339
-132.432
-124.833
-116.424
-107.249
-97.3258
-86.7485
-75.6241
-64.1229
-52.4719
-40.9628
-29.947
-19.8016
-10.8773
-3.47781
2.23856
6.27775
8.73709
9.81279
9.84702
9.23395
8.23024
7.05045
5.95093
4.94502
4.13828
3.48388
3.00336
2.62433
2.35673
2.13753
1.96984
1.77739
1.53628
1.2086
0.998912
36.2435
34.4008
33.5504
33.0946
32.915
33.2255
34.4369
37.2737
42.096
50.4325
61.4603
77.1739
95.1404
117.185
139.366
163.305
183.004
193.448
210.523
214.62
204.536
160.799
77.2706
-25.7239
-103.319
-165.426
-230.042
-280.127
-310.899
-332.652
-349.682
-364.084
-377.416
-390.71
-402.811
-413.191
-421.934
-429.165
-434.933
-439.261
-441.809
-442.246
-442.104
-440.217
-437.507
-433.194
-427.607
-420.926
-411.316
-399.842
-386.897
-372.489
-356.535
-337.632
-315.575
-292.749
-270.29
-246.476
-226.148
-213.716
-207.309
-204.372
-202.494
-201.369
-200.084
-198.944
-198.396
-198.257
-198.252
-198.306
-198.39
-198.518
-198.606
-198.718
-198.786
-198.89
-198.974
-199.075
-199.167
-199.242
-199.316
-199.39
-199.466
-199.544
-199.622
-199.704
-199.785
-199.878
-199.967
-200.073
-200.185
-200.305
-200.431
-200.56
-200.681
-200.805
-200.932
-201.058
-201.187
-201.294
-201.403
-201.503
-201.603
-201.698
-201.784
-201.856
-201.914
-201.953
-201.985
-202.006
-202.016
-202.014
-201.991
-201.943
-201.868
-201.762
-201.634
-201.484
-201.312
-201.093
-200.846
-200.569
-200.297
-200.002
-199.722
-199.434
-199.182
-198.928
-198.701
-198.47
-198.259
-197.993
-197.557
-196.936
-196.178
-195.363
-194.328
-192.997
-191.909
-191.02
-189.797
-188.49
-187.017
-185.411
-183.643
-181.704
-179.562
-177.195
-174.569
-171.645
-168.394
-164.755
-160.709
-156.182
-151.146
-145.531
-139.319
-132.41
-124.809
-116.399
-107.223
-97.2985
-86.7213
-75.5975
-64.0978
-52.4491
-40.943
-29.9312
-19.7905
-10.8718
-3.47836
2.23143
6.26364
8.71562
9.78388
9.81089
9.19139
8.18238
6.99964
5.90003
4.8968
4.09471
3.45424
2.99421
2.63732
2.38127
2.16653
1.99995
1.80753
1.5673
1.23944
1.03004
36.2675
34.423
33.5727
33.117
32.9375
33.2481
34.4594
37.2958
42.1171
50.4523
61.4775
77.1884
95.1521
117.194
139.374
163.32
183.03
193.47
210.535
214.544
204.362
160.557
77.157
-25.8431
-103.496
-165.542
-229.937
-279.855
-310.808
-332.584
-349.62
-364.023
-377.352
-390.64
-402.735
-413.113
-421.851
-429.079
-434.842
-439.165
-441.71
-442.145
-441.998
-440.106
-437.391
-433.073
-427.48
-420.79
-411.184
-399.706
-386.762
-372.341
-356.387
-337.488
-315.455
-292.609
-270.156
-246.279
-225.847
-213.313
-207.136
-204.338
-202.5
-201.389
-200.114
-198.968
-198.406
-198.258
-198.249
-198.302
-198.384
-198.512
-198.6
-198.713
-198.782
-198.886
-198.971
-199.072
-199.165
-199.242
-199.316
-199.391
-199.468
-199.546
-199.625
-199.708
-199.79
-199.883
-199.973
-200.08
-200.191
-200.312
-200.438
-200.568
-200.689
-200.814
-200.941
-201.068
-201.197
-201.305
-201.414
-201.514
-201.615
-201.71
-201.797
-201.868
-201.926
-201.966
-201.999
-202.019
-202.03
-202.027
-202.005
-201.957
-201.883
-201.777
-201.65
-201.5
-201.328
-201.11
-200.864
-200.589
-200.318
-200.023
-199.745
-199.457
-199.205
-198.952
-198.724
-198.491
-198.277
-198.006
-197.566
-196.943
-196.184
-195.367
-194.331
-193.007
-191.924
-191.026
-189.798
-188.491
-187.015
-185.408
-183.639
-181.698
-179.554
-177.185
-174.557
-171.631
-168.378
-164.737
-160.69
-156.16
-151.122
-145.505
-139.291
-132.381
-124.778
-116.366
-107.19
-97.2654
-86.6889
-75.5664
-64.0689
-52.4232
-40.921
-29.9139
-19.7785
-10.8657
-3.47853
2.22486
6.25058
8.69591
9.75755
9.77815
9.15259
8.1379
6.95076
5.84848
4.84521
4.04516
3.40874
2.95761
2.61692
2.38182
2.17999
2.02041
1.82832
1.58929
1.2612
1.05231
36.2847
34.4385
33.5888
33.1332
32.9539
33.2645
34.4757
37.3115
42.1317
50.465
61.4869
77.1945
95.1542
117.191
139.373
163.33
183.056
193.495
210.555
214.454
204.153
160.269
77.0099
-25.8074
-103.54
-165.782
-229.87
-279.512
-310.688
-332.503
-349.553
-363.962
-377.285
-390.567
-402.655
-413.029
-421.762
-428.987
-434.743
-439.063
-441.604
-442.037
-441.884
-439.988
-437.266
-432.943
-427.34
-420.641
-411.041
-399.56
-386.619
-372.186
-356.232
-337.342
-315.351
-292.486
-270.053
-246.132
-225.577
-212.853
-206.873
-204.269
-202.498
-201.409
-200.147
-198.997
-198.418
-198.26
-198.248
-198.298
-198.379
-198.507
-198.596
-198.71
-198.779
-198.885
-198.97
-199.072
-199.165
-199.244
-199.319
-199.394
-199.472
-199.551
-199.63
-199.714
-199.797
-199.89
-199.981
-200.088
-200.2
-200.322
-200.448
-200.578
-200.7
-200.825
-200.953
-201.079
-201.208
-201.316
-201.426
-201.527
-201.627
-201.722
-201.809
-201.88
-201.939
-201.979
-202.011
-202.032
-202.042
-202.04
-202.018
-201.97
-201.896
-201.791
-201.665
-201.515
-201.344
-201.127
-200.882
-200.609
-200.339
-200.045
-199.767
-199.481
-199.228
-198.974
-198.746
-198.511
-198.293
-198.016
-197.57
-196.946
-196.186
-195.366
-194.328
-193.012
-191.935
-191.026
-189.792
-188.485
-187.006
-185.398
-183.627
-181.684
-179.539
-177.167
-174.538
-171.61
-168.355
-164.712
-160.662
-156.13
-151.089
-145.471
-139.255
-132.343
-124.739
-116.327
-107.15
-97.2257
-86.6504
-75.53
-64.0354
-52.3936
-40.8963
-29.8947
-19.7655
-10.8591
-3.47853
2.21852
6.23811
8.67745
9.73331
9.7484
9.11759
8.09762
6.90586
5.79983
4.79458
3.9945
3.36027
2.91311
2.57777
2.35685
2.17073
2.02723
1.84071
1.60482
1.27641
1.06821
36.2968
34.4494
33.6003
33.1449
32.9659
33.2764
34.4875
37.3226
42.1411
50.4722
61.4896
77.1928
95.1471
117.178
139.361
163.336
183.082
193.523
210.587
214.352
203.9
159.922
76.8275
-25.7147
-103.412
-165.872
-229.869
-279.201
-310.54
-332.396
-349.473
-363.894
-377.213
-390.487
-402.563
-412.935
-421.661
-428.883
-434.631
-438.947
-441.484
-441.917
-441.755
-439.856
-437.124
-432.797
-427.183
-420.473
-410.881
-399.399
-386.463
-372.017
-356.065
-337.189
-315.258
-292.384
-269.983
-246.057
-225.343
-212.447
-206.489
-204.147
-202.481
-201.427
-200.183
-199.032
-198.432
-198.264
-198.246
-198.294
-198.374
-198.502
-198.592
-198.708
-198.778
-198.884
-198.97
-199.072
-199.167
-199.247
-199.323
-199.399
-199.478
-199.558
-199.638
-199.722
-199.805
-199.899
-199.99
-200.098
-200.211
-200.332
-200.459
-200.589
-200.712
-200.837
-200.965
-201.092
-201.221
-201.329
-201.439
-201.539
-201.64
-201.734
-201.821
-201.892
-201.95
-201.991
-202.023
-202.044
-202.054
-202.052
-202.029
-201.982
-201.908
-201.803
-201.678
-201.529
-201.358
-201.142
-200.899
-200.627
-200.359
-200.066
-199.79
-199.504
-199.252
-198.997
-198.767
-198.529
-198.306
-198.021
-197.57
-196.943
-196.182
-195.358
-194.32
-193.013
-191.942
-191.019
-189.78
-188.472
-186.99
-185.38
-183.607
-181.662
-179.515
-177.142
-174.509
-171.579
-168.322
-164.677
-160.624
-156.09
-151.048
-145.427
-139.209
-132.296
-124.69
-116.278
-107.101
-97.1782
-86.6048
-75.4873
-63.9967
-52.3598
-40.8684
-29.8735
-19.7514
-10.8522
-3.47865
2.21198
6.22574
8.65965
9.71056
9.72111
9.08596
8.06143
6.8654
5.75535
4.74715
3.94532
3.31145
2.86652
2.53546
2.31941
2.14274
2.01333
1.8396
1.61395
1.28667
1.07948
36.3036
34.4566
33.6084
33.1533
32.9745
33.285
34.4959
37.33
42.1463
50.4745
61.486
77.1836
95.1301
117.156
139.334
163.335
183.108
193.557
210.638
214.239
203.599
159.502
76.6045
-25.588
-103.189
-165.698
-229.785
-278.995
-310.379
-332.265
-349.362
-363.809
-377.128
-390.393
-402.457
-412.825
-421.541
-428.762
-434.499
-438.811
-441.342
-441.778
-441.603
-439.704
-436.957
-432.63
-426.999
-420.28
-410.694
-399.218
-386.286
-371.832
-355.881
-337.028
-315.173
-292.311
-269.943
-246.074
-225.185
-212.092
-205.974
-203.943
-202.443
-201.44
-200.222
-199.071
-198.449
-198.268
-198.242
-198.29
-198.369
-198.496
-198.588
-198.705
-198.777
-198.884
-198.971
-199.073
-199.169
-199.25
-199.327
-199.405
-199.484
-199.565
-199.646
-199.731
-199.815
-199.909
-200.001
-200.11
-200.222
-200.344
-200.471
-200.601
-200.724
-200.85
-200.978
-201.105
-201.234
-201.342
-201.452
-201.552
-201.653
-201.746
-201.832
-201.904
-201.962
-202.002
-202.034
-202.055
-202.065
-202.062
-202.039
-201.992
-201.918
-201.814
-201.69
-201.541
-201.371
-201.156
-200.915
-200.645
-200.378
-200.087
-199.812
-199.527
-199.274
-199.019
-198.787
-198.546
-198.316
-198.022
-197.563
-196.935
-196.171
-195.343
-194.304
-193.008
-191.944
-191.005
-189.761
-188.45
-186.965
-185.354
-183.578
-181.631
-179.482
-177.106
-174.471
-171.539
-168.279
-164.631
-160.576
-156.039
-150.994
-145.372
-139.152
-132.238
-124.632
-116.219
-107.043
-97.1215
-86.5509
-75.4372
-63.9517
-52.3211
-40.8369
-29.85
-19.7361
-10.8452
-3.47922
2.20477
6.21287
8.64189
9.68864
9.69565
9.05718
8.02898
6.8293
5.71544
4.70393
3.89933
3.26423
2.81957
2.49113
2.27917
2.10755
1.98501
1.82136
1.61175
1.28992
1.08728
36.3074
34.4602
33.6135
33.1588
32.9804
33.2909
34.5015
37.3343
42.1478
50.4722
61.4762
77.1661
95.1018
117.12
139.289
163.313
183.133
193.599
210.72
214.119
203.243
158.997
76.3313
-25.4246
-102.892
-165.385
-229.495
-278.756
-310.18
-332.121
-349.222
-363.689
-377.015
-390.277
-402.326
-412.692
-421.398
-428.617
-434.34
-438.648
-441.171
-441.613
-441.421
-439.526
-436.757
-432.434
-426.779
-420.053
-410.47
-399.009
-386.076
-371.627
-355.669
-336.859
-315.086
-292.277
-269.93
-246.201
-225.153
-211.756
-205.412
-203.616
-202.366
-201.446
-200.263
-199.115
-198.467
-198.272
-198.238
-198.284
-198.361
-198.489
-198.582
-198.701
-198.775
-198.883
-198.971
-199.074
-199.171
-199.253
-199.332
-199.41
-199.491
-199.573
-199.654
-199.74
-199.825
-199.92
-200.013
-200.122
-200.235
-200.357
-200.484
-200.614
-200.738
-200.864
-200.992
-201.118
-201.247
-201.355
-201.466
-201.566
-201.665
-201.758
-201.844
-201.914
-201.972
-202.012
-202.044
-202.064
-202.074
-202.07
-202.047
-201.999
-201.926
-201.823
-201.699
-201.552
-201.382
-201.169
-200.93
-200.662
-200.397
-200.108
-199.834
-199.55
-199.297
-199.04
-198.805
-198.56
-198.322
-198.017
-197.551
-196.918
-196.153
-195.32
-194.281
-192.997
-191.94
-190.983
-189.733
-188.419
-186.93
-185.317
-183.539
-181.59
-179.437
-177.059
-174.421
-171.486
-168.223
-164.572
-160.514
-155.975
-150.928
-145.304
-139.083
-132.167
-124.56
-116.147
-106.973
-97.054
-86.4871
-75.3784
-63.8994
-52.2764
-40.801
-29.8236
-19.7196
-10.838
-3.48059
2.19638
6.19889
8.62348
9.66686
9.67137
9.03068
7.99982
6.79732
5.68016
4.66537
3.85751
3.22014
2.77414
2.44634
2.23682
2.06939
1.95217
1.79354
1.59509
1.28103
1.08984
36.3105
34.4602
33.616
33.162
32.9841
33.2945
34.5046
37.3359
42.1456
50.4649
61.4593
77.1391
95.0598
117.066
139.223
163.259
183.142
193.649
210.819
213.999
202.826
158.396
75.9968
-25.2213
-102.511
-164.98
-229.022
-278.334
-309.857
-331.918
-349.06
-363.544
-376.862
-390.12
-402.157
-412.525
-421.219
-428.438
-434.145
-438.451
-440.962
-441.414
-441.201
-439.312
-436.514
-432.201
-426.511
-419.785
-410.195
-398.766
-385.822
-371.395
-355.415
-336.684
-314.989
-292.291
-269.949
-246.451
-225.299
-211.493
-204.896
-203.12
-202.222
-201.437
-200.301
-199.163
-198.489
-198.277
-198.231
-198.275
-198.352
-198.479
-198.574
-198.695
-198.771
-198.88
-198.97
-199.073
-199.172
-199.256
-199.336
-199.416
-199.498
-199.581
-199.664
-199.751
-199.836
-199.933
-200.026
-200.135
-200.249
-200.371
-200.498
-200.629
-200.753
-200.88
-201.007
-201.133
-201.261
-201.37
-201.479
-201.579
-201.678
-201.77
-201.854
-201.924
-201.981
-202.021
-202.052
-202.071
-202.08
-202.076
-202.052
-202.005
-201.932
-201.83
-201.707
-201.56
-201.391
-201.179
-200.943
-200.678
-200.415
-200.128
-199.856
-199.573
-199.319
-199.061
-198.822
-198.571
-198.324
-198.006
-197.53
-196.894
-196.127
-195.288
-194.249
-192.979
-191.929
-190.951
-189.694
-188.376
-186.884
-185.269
-183.488
-181.535
-179.38
-176.998
-174.357
-171.419
-168.153
-164.499
-160.438
-155.896
-150.847
-145.22
-138.997
-132.081
-124.473
-116.061
-106.889
-96.9734
-86.4115
-75.3092
-63.8382
-52.2246
-40.76
-29.794
-19.7015
-10.8309
-3.48305
2.18633
6.18321
8.60375
9.64454
9.64761
9.00588
7.97347
6.76913
5.6494
4.6317
3.82047
3.18022
2.73171
2.403
2.19392
2.02905
1.91604
1.76258
1.56978
1.26067
1.08319
36.3111
34.4577
33.6159
33.1627
32.9855
33.2959
34.5054
37.3346
42.1396
50.4522
61.4346
77.1007
95.0015
116.992
139.131
163.169
183.113
193.685
210.881
213.911
202.372
157.73
75.5957
-24.974
-102.036
-164.474
-228.383
-277.701
-309.351
-331.572
-348.829
-363.376
-376.673
-389.927
-401.933
-412.304
-420.985
-428.208
-433.9
-438.202
-440.703
-441.168
-440.929
-439.051
-436.217
-431.919
-426.182
-419.462
-409.857
-398.474
-385.507
-371.125
-355.106
-336.495
-314.877
-292.353
-270.021
-246.826
-225.671
-211.392
-204.424
-202.478
-201.962
-201.402
-200.332
-199.212
-198.511
-198.28
-198.222
-198.264
-198.339
-198.467
-198.563
-198.687
-198.766
-198.877
-198.968
-199.072
-199.172
-199.258
-199.341
-199.422
-199.505
-199.59
-199.674
-199.762
-199.849
-199.946
-200.041
-200.151
-200.264
-200.387
-200.514
-200.645
-200.769
-200.896
-201.024
-201.149
-201.276
-201.385
-201.494
-201.593
-201.691
-201.781
-201.864
-201.933
-201.989
-202.028
-202.058
-202.077
-202.085
-202.08
-202.055
-202.007
-201.935
-201.833
-201.711
-201.565
-201.397
-201.188
-200.954
-200.693
-200.432
-200.148
-199.877
-199.595
-199.341
-199.08
-198.837
-198.579
-198.32
-197.987
-197.501
-196.86
-196.09
-195.245
-194.205
-192.952
-191.909
-190.906
-189.643
-188.32
-186.825
-185.206
-183.421
-181.466
-179.307
-176.922
-174.277
-171.335
-168.065
-164.408
-160.344
-155.799
-150.746
-145.118
-138.893
-131.976
-124.368
-115.958
-106.789
-96.8772
-86.3216
-75.2273
-63.7662
-52.1643
-40.7126
-29.7604
-19.6816
-10.8237
-3.48686
2.17417
6.16524
8.58206
9.621
9.62375
8.98222
7.94946
6.74439
5.62298
4.60295
3.78856
3.14521
2.69345
2.36264
2.15232
1.9882
1.87751
1.72818
1.54073
1.23439
1.06815
36.3057
34.4532
33.6132
33.1611
32.9846
33.295
34.5037
37.3303
42.1293
50.4332
61.4003
77.0487
94.9236
116.893
139.007
163.038
183.039
193.672
210.887
213.902
201.953
157.093
75.1646
-24.6755
-101.454
-163.848
-227.574
-276.856
-308.647
-331.039
-348.446
-363.106
-376.437
-389.698
-401.657
-412.031
-420.684
-427.913
-433.58
-437.878
-440.373
-440.851
-440.59
-438.72
-435.85
-431.564
-425.779
-419.061
-409.441
-398.113
-385.119
-370.796
-354.734
-336.273
-314.758
-292.445
-270.181
-247.318
-226.306
-211.549
-204.01
-201.808
-201.513
-201.315
-200.349
-199.256
-198.535
-198.28
-198.209
-198.249
-198.323
-198.45
-198.549
-198.676
-198.758
-198.871
-198.964
-199.069
-199.171
-199.26
-199.345
-199.428
-199.513
-199.599
-199.685
-199.775
-199.863
-199.961
-200.057
-200.167
-200.282
-200.405
-200.532
-200.663
-200.788
-200.914
-201.042
-201.166
-201.292
-201.4
-201.509
-201.607
-201.704
-201.792
-201.873
-201.94
-201.995
-202.033
-202.062
-202.08
-202.086
-202.08
-202.054
-202.006
-201.933
-201.833
-201.712
-201.567
-201.4
-201.193
-200.963
-200.705
-200.447
-200.166
-199.897
-199.616
-199.361
-199.097
-198.849
-198.582
-198.31
-197.96
-197.462
-196.815
-196.042
-195.19
-194.149
-192.915
-191.878
-190.847
-189.577
-188.249
-186.749
-185.127
-183.338
-181.378
-179.215
-176.826
-174.177
-171.231
-167.957
-164.295
-160.227
-155.679
-150.624
-144.993
-138.767
-131.848
-124.241
-115.833
-106.668
-96.7619
-86.2143
-75.1299
-63.6811
-52.0932
-40.6573
-29.7216
-19.659
-10.8162
-3.49208
2.1596
6.14453
8.55785
9.59568
9.59925
8.95925
7.92743
6.72283
5.60074
4.57911
3.76198
3.1156
2.6602
2.3265
2.1136
1.94866
1.83835
1.69144
1.50801
1.20438
1.04848
36.2964
34.4461
33.6076
33.1568
32.9813
33.2918
34.4992
37.3226
42.114
50.4067
61.3547
76.98
94.8221
116.761
138.842
162.854
182.917
193.607
210.833
213.972
201.638
156.541
74.8224
-24.3145
-100.748
-163.081
-226.575
-275.79
-307.732
-330.306
-347.874
-362.653
-376.076
-389.359
-401.315
-411.696
-420.314
-427.549
-433.177
-437.471
-439.946
-440.44
-440.154
-438.285
-435.388
-431.103
-425.279
-418.546
-408.93
-397.646
-384.649
-370.368
-354.296
-335.978
-314.652
-292.539
-270.474
-247.925
-227.234
-212.065
-203.763
-201.184
-200.824
-201.117
-200.346
-199.286
-198.556
-198.277
-198.192
-198.229
-198.302
-198.429
-198.53
-198.662
-198.748
-198.863
-198.958
-199.064
-199.168
-199.261
-199.348
-199.433
-199.521
-199.609
-199.697
-199.788
-199.878
-199.977
-200.075
-200.186
-200.301
-200.424
-200.552
-200.682
-200.808
-200.934
-201.061
-201.185
-201.309
-201.417
-201.524
-201.621
-201.716
-201.802
-201.881
-201.946
-201.998
-202.035
-202.063
-202.079
-202.084
-202.075
-202.048
-201.999
-201.927
-201.827
-201.708
-201.564
-201.398
-201.194
-200.968
-200.715
-200.459
-200.182
-199.915
-199.636
-199.378
-199.111
-198.855
-198.579
-198.291
-197.922
-197.41
-196.756
-195.979
-195.12
-194.077
-192.865
-191.832
-190.77
-189.493
-188.159
-186.653
-185.026
-183.232
-181.268
-179.1
-176.706
-174.053
-171.102
-167.823
-164.157
-160.084
-155.532
-150.473
-144.84
-138.612
-131.694
-124.088
-115.682
-106.522
-96.6231
-86.0853
-75.0133
-63.5794
-52.0087
-40.5918
-29.6759
-19.6328
-10.8077
-3.49844
2.14257
6.12083
8.53078
9.56818
9.57375
8.93667
7.90713
6.70429
5.58263
4.56023
3.74091
3.09175
2.63261
2.29554
2.07908
1.91205
1.80032
1.65418
1.47289
1.17118
1.0249
36.285
34.4357
33.5989
33.1497
32.9753
33.2858
34.4916
37.3108
42.0926
50.3711
61.2953
76.8908
94.692
116.588
138.627
162.601
182.731
193.49
210.69
214.024
201.375
156.003
74.6581
-23.8711
-99.897
-162.149
-225.36
-274.482
-306.586
-329.357
-347.096
-362.002
-375.52
-388.828
-400.828
-411.213
-419.845
-427.073
-432.689
-436.968
-439.422
-439.922
-439.614
-437.723
-434.815
-430.498
-424.66
-417.866
-408.294
-397.018
-384.071
-369.788
-353.78
-335.56
-314.568
-292.611
-270.924
-248.688
-228.471
-213.028
-203.859
-200.658
-199.977
-200.699
-200.294
-199.289
-198.566
-198.267
-198.169
-198.204
-198.275
-198.403
-198.507
-198.642
-198.733
-198.852
-198.95
-199.058
-199.164
-199.26
-199.35
-199.439
-199.528
-199.619
-199.709
-199.803
-199.895
-199.995
-200.095
-200.207
-200.322
-200.446
-200.573
-200.704
-200.83
-200.956
-201.082
-201.205
-201.328
-201.434
-201.54
-201.635
-201.728
-201.811
-201.887
-201.949
-201.999
-202.033
-202.059
-202.073
-202.076
-202.065
-202.037
-201.987
-201.914
-201.816
-201.698
-201.555
-201.391
-201.191
-200.968
-200.72
-200.468
-200.195
-199.93
-199.651
-199.392
-199.12
-198.856
-198.568
-198.261
-197.87
-197.343
-196.681
-195.899
-195.031
-193.986
-192.799
-191.765
-190.67
-189.389
-188.046
-186.533
-184.901
-183.101
-181.131
-178.957
-176.558
-173.899
-170.943
-167.658
-163.986
-159.908
-155.351
-150.289
-144.653
-138.424
-131.505
-123.9
-115.498
-106.345
-96.4548
-85.9292
-74.8723
-63.4566
-51.9068
-40.5128
-29.6207
-19.6008
-10.7969
-3.5051
2.12353
6.09431
8.50083
9.53841
9.54717
8.91444
7.88857
6.68885
5.56877
4.5465
3.72561
3.07404
2.6112
2.27052
2.04983
1.87976
1.76511
1.61817
1.43708
1.13624
0.997403
36.2721
34.4217
33.5867
33.1392
32.9661
33.2768
34.4804
37.2943
42.0641
50.3242
61.2189
76.7764
94.5269
116.366
138.349
162.262
182.458
193.299
210.421
213.921
201.011
155.366
74.5877
-23.3026
-98.8762
-161.022
-223.895
-272.897
-305.179
-328.169
-346.094
-361.135
-374.751
-388.08
-400.118
-410.504
-419.19
-426.397
-432.052
-436.291
-438.783
-439.25
-438.964
-437.016
-434.126
-429.721
-423.923
-416.981
-407.547
-396.17
-383.397
-369.006
-353.202
-334.993
-314.495
-292.694
-271.506
-249.696
-230.011
-214.464
-204.498
-200.384
-199.162
-199.937
-200.1
-199.248
-198.554
-198.245
-198.139
-198.171
-198.24
-198.37
-198.477
-198.618
-198.713
-198.836
-198.939
-199.048
-199.157
-199.257
-199.351
-199.443
-199.536
-199.63
-199.723
-199.818
-199.913
-200.015
-200.116
-200.229
-200.346
-200.47
-200.598
-200.728
-200.854
-200.98
-201.105
-201.227
-201.347
-201.452
-201.556
-201.649
-201.738
-201.818
-201.89
-201.948
-201.995
-202.027
-202.05
-202.061
-202.061
-202.048
-202.017
-201.966
-201.893
-201.796
-201.679
-201.539
-201.376
-201.18
-200.962
-200.719
-200.471
-200.202
-199.939
-199.662
-199.398
-199.121
-198.847
-198.545
-198.216
-197.802
-197.258
-196.586
-195.797
-194.919
-193.875
-192.712
-191.673
-190.544
-189.258
-187.904
-186.383
-184.744
-182.937
-180.961
-178.78
-176.374
-173.708
-170.745
-167.453
-163.775
-159.692
-155.13
-150.063
-144.424
-138.192
-131.274
-123.671
-115.273
-106.128
-96.2489
-85.7383
-74.6998
-63.3062
-51.7816
-40.4152
-29.5517
-19.5598
-10.7812
-3.51022
2.10379
6.0659
8.46864
9.50683
9.51989
8.89295
7.87215
6.6769
5.55956
4.53834
3.71652
3.06296
2.59653
2.25214
2.02676
1.85294
1.73416
1.58512
1.40232
1.10127
0.967059
36.2556
34.4039
33.5704
33.1248
32.9532
33.2639
34.4647
37.272
42.0269
50.2639
61.122
76.6311
94.3187
116.083
137.993
161.814
182.071
193.001
209.985
213.554
200.382
154.547
74.4814
-22.5134
-97.6549
-159.664
-222.139
-270.996
-303.475
-326.71
-344.843
-360.032
-373.747
-387.093
-399.161
-409.548
-418.275
-425.464
-431.165
-435.352
-437.919
-438.344
-438.113
-436.092
-433.254
-428.732
-423.021
-415.879
-406.66
-395.096
-382.604
-368.006
-352.521
-334.284
-314.332
-292.837
-272.137
-251.011
-231.843
-216.364
-205.885
-200.555
-198.517
-198.903
-199.571
-199.09
-198.5
-198.202
-198.095
-198.13
-198.198
-198.33
-198.44
-198.587
-198.688
-198.816
-198.923
-199.034
-199.146
-199.252
-199.35
-199.445
-199.542
-199.64
-199.736
-199.835
-199.932
-200.036
-200.139
-200.254
-200.371
-200.496
-200.624
-200.754
-200.881
-201.006
-201.13
-201.25
-201.367
-201.471
-201.572
-201.661
-201.746
-201.822
-201.889
-201.943
-201.986
-202.014
-202.034
-202.041
-202.038
-202.021
-201.988
-201.935
-201.862
-201.766
-201.65
-201.512
-201.351
-201.159
-200.947
-200.71
-200.466
-200.202
-199.94
-199.664
-199.396
-199.112
-198.825
-198.506
-198.153
-197.713
-197.15
-196.467
-195.67
-194.78
-193.737
-192.599
-191.546
-190.387
-189.095
-187.726
-186.196
-184.549
-182.733
-180.749
-178.56
-176.146
-173.472
-170.501
-167.2
-163.514
-159.424
-154.855
-149.783
-144.14
-137.907
-130.988
-123.387
-114.995
-105.859
-95.9942
-85.5018
-74.4856
-63.1187
-51.6245
-40.2915
-29.4626
-19.5043
-10.7561
-3.51035
2.08604
6.03768
8.43586
9.47475
9.49306
8.87326
7.85882
6.66937
5.55588
4.53655
3.71438
3.05921
2.58931
2.24116
2.01072
1.83262
1.70874
1.55655
1.37027
1.06804
0.935424
36.2345
34.382
33.5494
33.1058
32.9356
33.2465
34.4436
37.2426
41.9791
50.1871
61.0001
76.4483
94.0579
115.725
137.542
161.229
181.539
192.559
209.329
212.867
199.359
153.447
74.2597
-21.414
-96.1961
-158.037
-220.044
-268.729
-301.428
-324.941
-343.307
-358.663
-372.484
-385.845
-397.932
-408.318
-417.071
-424.247
-429.968
-434.12
-436.723
-437.144
-436.928
-434.88
-432.04
-427.481
-421.762
-414.542
-405.395
-393.849
-381.435
-366.861
-351.464
-333.496
-313.886
-293.064
-272.746
-252.616
-234.058
-218.706
-208.032
-201.711
-198.052
-197.801
-198.533
-198.641
-198.339
-198.124
-198.034
-198.077
-198.146
-198.281
-198.394
-198.549
-198.655
-198.79
-198.901
-199.015
-199.132
-199.242
-199.346
-199.446
-199.547
-199.649
-199.749
-199.851
-199.951
-200.057
-200.164
-200.279
-200.399
-200.524
-200.652
-200.782
-200.909
-201.034
-201.157
-201.274
-201.388
-201.489
-201.586
-201.672
-201.752
-201.822
-201.883
-201.932
-201.969
-201.993
-202.008
-202.011
-202.003
-201.982
-201.946
-201.891
-201.817
-201.722
-201.608
-201.471
-201.313
-201.126
-200.919
-200.689
-200.449
-200.19
-199.929
-199.653
-199.379
-199.086
-198.784
-198.446
-198.066
-197.598
-197.015
-196.317
-195.511
-194.608
-193.567
-192.45
-191.377
-190.19
-188.889
-187.503
-185.963
-184.304
-182.479
-180.484
-178.286
-175.862
-173.177
-170.196
-166.886
-163.19
-159.092
-154.514
-149.436
-143.788
-137.551
-130.632
-123.034
-114.648
-105.524
-95.6751
-85.2045
-74.2152
-62.8806
-51.423
-40.1303
-29.3431
-19.4255
-10.7145
-3.49942
2.07523
6.01372
8.40576
9.44489
9.46901
8.85744
7.85043
6.6679
5.55921
4.54249
3.72041
3.0639
2.59053
2.23852
2.00266
1.81985
1.69001
1.53381
1.34249
1.03824
0.904239
36.2102
34.3557
33.5234
33.0815
32.9125
33.2234
34.4158
37.2045
41.9185
50.0904
60.8481
76.2196
93.7328
115.276
136.974
160.471
180.82
191.923
208.384
211.822
197.858
151.951
73.8538
-20.0565
-94.4652
-156.101
-217.559
-266.041
-298.984
-322.809
-341.441
-356.988
-370.926
-384.301
-396.4
-406.784
-415.548
-422.714
-428.432
-432.559
-435.162
-435.614
-435.348
-433.335
-430.393
-425.897
-420.021
-412.885
-403.592
-392.354
-379.714
-365.56
-349.914
-332.626
-313.247
-293.287
-273.462
-254.397
-236.607
-221.602
-211.334
-202.958
-198.789
-196.918
-197.121
-197.633
-197.9
-197.967
-197.947
-198.014
-198.083
-198.225
-198.339
-198.503
-198.613
-198.756
-198.874
-198.99
-199.112
-199.228
-199.337
-199.442
-199.548
-199.655
-199.761
-199.867
-199.971
-200.079
-200.189
-200.305
-200.426
-200.553
-200.682
-200.812
-200.939
-201.063
-201.184
-201.299
-201.409
-201.507
-201.599
-201.679
-201.753
-201.817
-201.871
-201.912
-201.943
-201.961
-201.97
-201.967
-201.954
-201.928
-201.888
-201.831
-201.755
-201.661
-201.548
-201.413
-201.258
-201.076
-200.874
-200.651
-200.415
-200.161
-199.9
-199.623
-199.341
-199.038
-198.718
-198.358
-197.948
-197.45
-196.844
-196.131
-195.312
-194.396
-193.357
-192.254
-191.156
-189.942
-188.629
-187.223
-185.672
-183.999
-182.161
-180.153
-177.943
-175.506
-172.809
-169.816
-166.492
-162.784
-158.675
-154.088
-149
-143.346
-137.105
-130.185
-122.59
-114.21
-105.099
-95.2692
-84.8246
-73.8675
-62.5715
-51.1582
-39.914
-29.1775
-19.3098
-10.6442
-3.46733
2.07984
6.00105
8.3842
9.42208
9.45187
8.8491
7.85009
6.67527
5.572
4.55831
3.73645
3.07864
2.6016
2.24551
2.00373
1.81575
1.67913
1.51821
1.32041
1.01347
0.87528
36.1836
34.3248
33.4918
33.0514
32.883
33.1937
34.38
37.1558
41.8422
49.9693
60.6595
75.9353
93.3296
114.713
136.262
159.497
179.868
191.036
207.062
210.351
195.824
149.965
73.2088
-18.5824
-92.4457
-153.82
-214.628
-262.871
-296.081
-320.257
-339.192
-354.956
-369.025
-382.418
-394.523
-404.903
-413.67
-420.825
-426.522
-430.625
-433.206
-433.7
-433.358
-431.387
-428.315
-423.882
-417.839
-410.762
-401.354
-390.374
-377.614
-363.81
-348.119
-331.4
-312.541
-293.319
-274.292
-256.189
-239.48
-225.102
-214.253
-206.409
-200.425
-197.249
-195.771
-196.083
-196.935
-197.577
-197.802
-197.94
-198.014
-198.163
-198.276
-198.451
-198.562
-198.715
-198.84
-198.958
-199.086
-199.209
-199.323
-199.434
-199.546
-199.659
-199.77
-199.881
-199.989
-200.1
-200.212
-200.331
-200.454
-200.582
-200.711
-200.842
-200.969
-201.092
-201.211
-201.323
-201.428
-201.522
-201.608
-201.683
-201.749
-201.804
-201.849
-201.882
-201.904
-201.915
-201.915
-201.906
-201.886
-201.854
-201.809
-201.749
-201.672
-201.577
-201.465
-201.333
-201.181
-201.004
-200.808
-200.591
-200.359
-200.109
-199.847
-199.567
-199.276
-198.959
-198.618
-198.232
-197.789
-197.259
-196.629
-195.897
-195.064
-194.133
-193.094
-191.997
-190.869
-189.628
-188.301
-186.871
-185.305
-183.614
-181.761
-179.737
-177.511
-175.059
-172.345
-169.336
-165.995
-162.272
-158.15
-153.548
-148.449
-142.787
-136.539
-129.615
-122.022
-113.648
-104.552
-94.7447
-84.3307
-73.4119
-62.162
-50.8019
-39.6166
-28.9419
-19.1354
-10.5265
-3.39785
2.11371
6.01136
8.38088
9.41441
9.44852
8.85413
7.86283
6.69583
5.59803
4.58726
3.7653
3.10585
2.62455
2.26387
2.01544
1.82173
1.6774
1.51108
1.30541
0.995219
0.850265
36.15
34.2888
33.4544
33.0149
32.8464
33.1561
34.3345
37.094
41.7469
49.8184
60.4264
75.5829
92.8311
114.011
135.374
158.254
178.622
189.824
205.264
208.344
193.187
147.427
72.2957
-17.084
-90.1296
-151.164
-211.199
-259.153
-292.649
-317.216
-336.492
-352.507
-366.724
-380.141
-392.247
-402.624
-411.385
-418.526
-424.195
-428.266
-430.819
-431.345
-430.93
-428.97
-425.798
-421.355
-415.231
-408.081
-398.73
-387.793
-375.222
-361.445
-346.168
-329.649
-311.74
-293.14
-275.167
-258.032
-242.56
-228.831
-217.99
-210.596
-203.296
-198.285
-195.759
-195.051
-195.748
-196.679
-197.419
-197.797
-197.938
-198.107
-198.209
-198.399
-198.505
-198.667
-198.8
-198.918
-199.052
-199.183
-199.303
-199.419
-199.537
-199.657
-199.775
-199.891
-200.004
-200.118
-200.233
-200.353
-200.478
-200.608
-200.739
-200.87
-200.998
-201.12
-201.237
-201.345
-201.445
-201.534
-201.612
-201.679
-201.736
-201.781
-201.815
-201.838
-201.849
-201.85
-201.841
-201.822
-201.794
-201.755
-201.704
-201.64
-201.561
-201.466
-201.355
-201.225
-201.075
-200.904
-200.713
-200.501
-200.272
-200.024
-199.759
-199.474
-199.17
-198.837
-198.47
-198.055
-197.577
-197.013
-196.357
-195.603
-194.751
-193.804
-192.761
-191.66
-190.498
-189.229
-187.882
-186.425
-184.84
-183.127
-181.254
-179.21
-176.964
-174.49
-171.756
-168.725
-165.363
-161.619
-157.481
-152.86
-147.745
-142.07
-135.811
-128.882
-121.289
-112.918
-103.839
-94.0565
-83.678
-72.8044
-61.6094
-50.3133
-39.1995
-28.6008
-18.8702
-10.3326
-3.26594
2.19847
6.06302
8.41119
9.4347
9.46979
8.88174
7.89639
6.73619
5.64292
4.63414
3.81103
3.14897
2.66228
2.29609
2.03987
1.83959
1.68638
1.51394
1.29893
0.984988
0.830837
36.108
34.2469
33.4107
32.9716
32.802
33.1096
34.2779
37.0168
41.6286
49.6313
60.1394
75.1473
92.2167
113.137
134.271
156.676
177.005
188.198
202.886
205.671
189.848
144.287
71.096
-15.5764
-87.5103
-148.103
-207.219
-254.818
-288.609
-313.605
-333.266
-349.567
-363.954
-377.401
-389.509
-399.88
-408.632
-415.752
-421.391
-425.416
-427.945
-428.484
-428.014
-426.025
-422.794
-418.275
-412.144
-404.843
-395.638
-384.688
-372.401
-358.658
-343.869
-327.66
-310.701
-292.965
-276.033
-259.999
-245.579
-232.807
-222.186
-214.315
-208.002
-201.941
-196.925
-194.79
-195.087
-195.466
-196.495
-197.321
-197.744
-198.019
-198.135
-198.362
-198.447
-198.616
-198.761
-198.87
-199.01
-199.15
-199.275
-199.397
-199.521
-199.648
-199.774
-199.897
-200.015
-200.132
-200.249
-200.371
-200.497
-200.629
-200.762
-200.894
-201.023
-201.145
-201.259
-201.364
-201.458
-201.54
-201.609
-201.666
-201.711
-201.744
-201.765
-201.774
-201.773
-201.761
-201.74
-201.711
-201.673
-201.625
-201.568
-201.498
-201.416
-201.32
-201.209
-201.08
-200.933
-200.766
-200.578
-200.371
-200.142
-199.894
-199.624
-199.33
-199.009
-198.655
-198.26
-197.811
-197.296
-196.696
-196.009
-195.231
-194.356
-193.389
-192.333
-191.218
-190.018
-188.718
-187.345
-185.857
-184.246
-182.505
-180.606
-178.535
-176.263
-173.762
-170.999
-167.941
-164.55
-160.78
-156.619
-151.971
-146.834
-141.141
-134.866
-127.925
-120.328
-111.959
-102.896
-93.1427
-82.8052
-71.9846
-60.8551
-49.6362
-38.6096
-28.1047
-18.4691
-10.022
-3.03572
2.36563
6.18314
8.49801
9.50215
9.53203
8.94572
7.96227
6.80608
5.7149
4.70588
3.87942
3.2129
2.71883
2.34557
2.07979
1.87173
1.70805
1.5286
1.30254
0.98435
0.818594
36.057
34.1977
33.3601
32.9211
32.7494
33.0533
34.2086
36.9212
41.483
49.4
59.7868
74.6095
91.4609
112.05
132.906
154.691
174.923
186.05
199.814
202.187
185.685
140.484
69.5685
-14.027
-84.5902
-144.597
-202.636
-249.793
-283.875
-309.335
-329.423
-346.049
-360.631
-374.118
-386.228
-396.591
-405.334
-412.424
-418.034
-422
-424.51
-425.048
-424.533
-422.498
-419.22
-414.613
-408.483
-401.062
-391.975
-381.118
-369.051
-355.56
-341.147
-325.575
-309.41
-292.774
-276.859
-262
-248.598
-236.755
-226.606
-218.377
-212.097
-206.049
-201.813
-196.503
-192.664
-194.185
-195.134
-196.425
-197.142
-197.635
-197.92
-198.284
-198.372
-198.568
-198.742
-198.82
-198.958
-199.113
-199.243
-199.366
-199.496
-199.63
-199.766
-199.896
-200.019
-200.139
-200.257
-200.379
-200.507
-200.64
-200.776
-200.91
-201.04
-201.162
-201.274
-201.375
-201.462
-201.536
-201.595
-201.639
-201.67
-201.688
-201.693
-201.686
-201.669
-201.642
-201.607
-201.564
-201.514
-201.457
-201.391
-201.315
-201.229
-201.131
-201.019
-200.89
-200.744
-200.579
-200.393
-200.186
-199.956
-199.702
-199.423
-199.115
-198.773
-198.392
-197.964
-197.479
-196.922
-196.284
-195.563
-194.754
-193.851
-192.855
-191.778
-190.636
-189.394
-188.058
-186.649
-185.124
-183.48
-181.702
-179.77
-177.664
-175.356
-172.818
-170.019
-166.923
-163.494
-159.689
-155.497
-150.814
-145.645
-139.927
-133.627
-126.667
-119.059
-110.686
-101.639
-91.9189
-81.6285
-70.8705
-59.8193
-48.6941
-37.7746
-27.3864
-17.8706
-9.53966
-2.65839
2.65827
6.40904
8.67303
9.64363
9.65838
9.06568
8.07679
6.91932
5.82554
4.81214
3.97851
3.30433
2.79973
2.41692
2.13897
1.92132
1.74495
1.55732
1.31809
0.995075
0.815145
35.9928
34.1392
33.3016
32.8628
32.6885
32.9864
34.1255
36.8042
41.305
49.1152
59.355
73.9462
90.5331
110.699
131.224
152.214
172.249
183.247
195.929
197.736
180.575
135.937
67.6377
-12.4075
-81.3706
-140.584
-197.391
-243.999
-278.35
-304.3
-324.856
-341.848
-356.653
-370.193
-382.31
-392.664
-401.397
-408.45
-414.031
-417.932
-420.417
-420.956
-420.393
-418.318
-414.985
-410.315
-404.172
-396.698
-387.703
-377.043
-365.2
-352.095
-338.125
-323.293
-308.021
-292.481
-277.679
-263.921
-251.622
-240.524
-231.101
-222.718
-216.409
-210.178
-205.812
-200.73
-198.055
-189.279
-191.949
-195.042
-196.133
-196.999
-197.424
-197.876
-198.086
-198.422
-198.717
-198.757
-198.892
-199.089
-199.222
-199.327
-199.457
-199.6
-199.748
-199.887
-200.015
-200.137
-200.255
-200.375
-200.503
-200.638
-200.776
-200.913
-201.046
-201.168
-201.278
-201.374
-201.454
-201.518
-201.564
-201.593
-201.607
-201.606
-201.591
-201.564
-201.528
-201.483
-201.43
-201.372
-201.309
-201.24
-201.165
-201.082
-200.991
-200.889
-200.774
-200.643
-200.496
-200.33
-200.141
-199.93
-199.693
-199.429
-199.134
-198.805
-198.436
-198.023
-197.556
-197.028
-196.426
-195.745
-194.983
-194.135
-193.193
-192.16
-191.049
-189.867
-188.577
-187.193
-185.74
-184.168
-182.479
-180.655
-178.678
-176.525
-174.169
-171.582
-168.732
-165.585
-162.106
-158.255
-154.022
-149.291
-144.079
-138.324
-131.983
-124.984
-117.35
-108.963
-99.931
-90.2445
-80.0058
-69.3196
-58.3612
-47.3505
-36.5651
-26.3267
-16.9677
-8.79255
-2.05551
3.14103
6.79466
8.98102
9.89639
9.88062
9.26835
8.26199
7.09459
5.99049
4.9659
4.11908
3.43223
2.91231
2.51623
2.2223
1.99247
1.80034
1.60294
1.3478
1.01923
0.822151
35.9105
34.0683
33.2333
32.7957
32.6187
32.9082
34.0272
36.6627
41.089
48.7655
58.8275
73.1286
89.3966
109.02
129.157
149.164
168.818
179.617
191.125
192.156
174.386
130.552
65.2309
-10.7639
-77.8406
-136.003
-191.413
-237.357
-271.927
-298.379
-319.44
-336.838
-351.899
-365.508
-377.639
-387.984
-396.707
-403.721
-409.269
-413.108
-415.558
-416.109
-415.489
-413.391
-410.002
-405.295
-399.152
-391.677
-382.806
-372.397
-360.874
-348.218
-334.847
-320.779
-306.499
-292.07
-278.42
-265.748
-254.482
-244.201
-235.366
-227.323
-220.77
-214.796
-209.874
-205.898
-201.566
-199.276
-194.11
-186.858
-191.64
-195.341
-196.57
-197.464
-197.773
-197.995
-198.322
-198.417
-198.643
-199.022
-199.222
-199.288
-199.408
-199.57
-199.736
-199.879
-199.999
-200.117
-200.232
-200.35
-200.477
-200.613
-200.756
-200.898
-201.034
-201.158
-201.267
-201.357
-201.428
-201.479
-201.509
-201.52
-201.511
-201.487
-201.447
-201.397
-201.337
-201.271
-201.199
-201.125
-201.047
-200.966
-200.881
-200.79
-200.693
-200.585
-200.465
-200.329
-200.176
-200.003
-199.807
-199.584
-199.332
-199.049
-198.73
-198.372
-197.967
-197.513
-197
-196.421
-195.766
-195.032
-194.219
-193.32
-192.327
-191.242
-190.081
-188.845
-187.494
-186.05
-184.538
-182.907
-181.158
-179.272
-177.231
-175.011
-172.586
-169.927
-167.005
-163.788
-160.239
-156.323
-152.029
-147.226
-141.944
-136.119
-129.695
-122.609
-114.915
-106.488
-97.4508
-87.7853
-77.5909
-66.9779
-56.1244
-45.2537
-34.6434
-24.6105
-15.4765
-7.53586
-1.02539
3.9695
7.45917
9.51223
10.3281
10.249
9.59287
8.5484
7.35702
6.23036
5.18398
4.31497
3.60803
3.0659
2.65123
2.33598
2.09033
1.87826
1.66892
1.39432
1.05925
0.841349
35.8049
33.9816
33.153
32.7186
32.5395
32.818
33.912
36.4926
40.8283
48.3372
58.1848
72.1212
88.0088
106.937
126.618
145.462
164.473
174.945
185.241
185.297
166.978
124.247
62.2801
-9.2265
-73.99
-130.815
-184.626
-229.794
-264.498
-291.44
-313.028
-330.868
-346.217
-359.921
-372.074
-382.418
-391.128
-398.108
-403.615
-407.405
-409.805
-410.384
-409.707
-407.605
-404.175
-399.455
-393.35
-385.93
-377.237
-367.144
-356.037
-343.93
-331.257
-318.05
-304.767
-291.495
-278.987
-267.402
-257.079
-247.661
-239.375
-231.825
-225.26
-219.397
-214.247
-209.907
-205.914
-202.498
-200.036
-197.804
-191.227
-184.057
-188.874
-195.397
-197.331
-197.714
-198.076
-198.107
-198.093
-198.551
-198.857
-198.972
-199.162
-199.466
-199.763
-199.935
-200.012
-200.101
-200.194
-200.295
-200.417
-200.555
-200.704
-200.852
-200.993
-201.12
-201.227
-201.311
-201.371
-201.407
-201.417
-201.403
-201.367
-201.312
-201.242
-201.162
-201.077
-200.988
-200.898
-200.808
-200.718
-200.627
-200.535
-200.437
-200.332
-200.218
-200.089
-199.943
-199.778
-199.591
-199.376
-199.132
-198.854
-198.541
-198.185
-197.785
-197.331
-196.823
-196.249
-195.606
-194.882
-194.077
-193.194
-192.223
-191.156
-189.998
-188.764
-187.454
-186.02
-184.494
-182.9
-181.184
-179.344
-177.361
-175.211
-172.874
-170.33
-167.553
-164.514
-161.181
-157.518
-153.494
-149.095
-144.163
-138.744
-132.776
-126.196
-118.982
-111.212
-102.731
-93.6759
-84.0239
-73.8728
-63.3416
-52.6139
-41.919
-31.533
-21.7706
-12.9408
-5.32662
0.859313
5.54074
8.7174
10.5018
11.1117
10.8817
10.1187
8.99025
7.74457
6.57367
5.48816
4.58354
3.84572
3.27174
2.83112
2.48731
2.22097
1.98339
1.75929
1.46066
1.11787
0.874468
35.6675
33.8761
33.059
32.6303
32.4502
32.7148
33.7779
36.2891
40.5149
47.8127
57.4035
70.8799
86.3194
104.367
123.485
141.007
159.098
169.087
178.057
177.012
158.255
116.976
58.7102
-7.94172
-69.8619
-125.027
-176.993
-221.25
-255.964
-283.348
-305.464
-323.771
-339.436
-353.262
-365.447
-375.801
-384.498
-391.453
-396.916
-400.673
-403.019
-403.637
-402.921
-400.831
-397.395
-392.698
-386.678
-379.391
-370.938
-361.253
-350.646
-339.207
-327.304
-315.049
-302.793
-290.692
-279.301
-268.772
-259.34
-250.758
-243.09
-236.045
-229.738
-223.965
-218.923
-214.247
-210.426
-206.506
-203.716
-200.983
-199.891
-198.828
-193.772
-184.482
-182.799
-190.527
-196.239
-198.074
-198.094
-198.382
-198.591
-198.432
-198.31
-198.691
-199.262
-199.597
-199.761
-199.923
-200.052
-200.171
-200.337
-200.53
-200.708
-200.848
-200.964
-201.071
-201.163
-201.229
-201.267
-201.275
-201.251
-201.199
-201.122
-201.027
-200.921
-200.812
-200.704
-200.599
-200.499
-200.402
-200.308
-200.215
-200.119
-200.018
-199.907
-199.782
-199.64
-199.477
-199.29
-199.076
-198.831
-198.55
-198.229
-197.867
-197.454
-196.99
-196.464
-195.874
-195.209
-194.462
-193.622
-192.691
-191.677
-190.575
-189.376
-188.087
-186.722
-185.282
-183.712
-182.047
-180.318
-178.466
-176.49
-174.366
-172.067
-169.574
-166.877
-163.956
-160.78
-157.314
-153.521
-149.373
-144.853
-139.767
-134.184
-128.061
-121.351
-114.068
-106.271
-97.7596
-88.7046
-79.0857
-69.0009
-58.58
-48.0057
-37.5156
-27.3844
-17.9235
-9.42958
-2.17449
3.65086
7.95269
10.714
12.147
12.4832
12.0268
11.0181
9.70571
8.33474
7.06885
5.9102
4.94678
4.16171
3.54232
3.0659
2.68403
2.39075
2.12058
1.87819
1.54986
1.1979
0.922938
35.481
33.7416
32.943
32.525
32.3454
32.5942
33.6198
36.044
40.1376
47.1696
56.4553
69.3504
84.2663
101.228
119.615
135.681
152.531
161.918
169.433
167.223
148.178
108.712
54.433
-7.06668
-65.6068
-118.715
-168.53
-211.675
-246.258
-273.985
-296.592
-315.371
-331.371
-345.348
-357.578
-367.953
-376.639
-383.579
-389
-392.74
-395.041
-395.709
-394.985
-392.931
-389.538
-384.917
-379.044
-371.98
-363.849
-354.663
-344.657
-333.982
-322.933
-311.682
-300.49
-289.545
-279.24
-269.721
-261.148
-253.366
-246.367
-239.875
-233.986
-228.427
-223.551
-218.907
-214.953
-211.111
-207.873
-204.836
-202.264
-200.385
-199.398
-199.712
-197.73
-190.233
-183.87
-179.639
-185.469
-194.244
-198.224
-199.273
-198.899
-198.589
-198.69
-198.797
-198.629
-198.467
-198.498
-198.766
-199.289
-199.888
-200.353
-200.629
-200.823
-201
-201.129
-201.185
-201.168
-201.091
-200.971
-200.825
-200.669
-200.513
-200.366
-200.231
-200.11
-200.001
-199.902
-199.809
-199.718
-199.622
-199.52
-199.405
-199.272
-199.117
-198.937
-198.728
-198.487
-198.211
-197.895
-197.536
-197.129
-196.671
-196.153
-195.574
-194.923
-194.197
-193.387
-192.482
-191.467
-190.351
-189.154
-187.877
-186.509
-185.057
-183.538
-181.947
-180.225
-178.412
-176.548
-174.574
-172.493
-170.28
-167.885
-165.279
-162.47
-159.449
-156.181
-152.628
-148.747
-144.518
-139.932
-134.761
-129.094
-122.9
-116.153
-108.872
-101.097
-92.593
-83.5606
-73.9958
-63.9998
-53.7167
-43.3326
-33.0819
-23.2341
-14.0929
-5.94214
0.958379
6.43718
10.3864
12.8481
14.0486
14.1957
13.5488
12.2757
10.7753
9.25736
7.79634
6.50264
5.43587
4.57476
3.88933
3.36411
2.93219
2.60455
2.2934
2.02863
1.66411
1.30133
0.987193
35.2231
33.5385
32.7664
32.3694
32.1966
32.4326
33.4171
35.7359
39.6747
46.3727
55.3027
67.4643
81.768
97.4268
114.866
129.359
144.612
153.25
159.265
155.878
136.732
99.4275
49.3715
-6.76593
-61.4276
-111.998
-159.342
-201.071
-235.362
-263.282
-286.284
-305.495
-321.828
-335.974
-348.264
-358.672
-367.357
-374.294
-379.684
-383.429
-385.704
-386.437
-385.751
-383.771
-380.482
-376.009
-370.363
-363.624
-355.915
-347.321
-338.013
-328.187
-318.062
-307.854
-297.738
-287.925
-278.662
-270.109
-262.351
-255.348
-249.018
-243.149
-237.733
-232.595
-227.896
-223.466
-219.5
-215.777
-212.385
-209.377
-206.558
-204.14
-201.914
-200.21
-198.978
-199.173
-199.929
-198.994
-194.689
-187.257
-182.393
-178.369
-181.298
-189.626
-195.716
-198.751
-199.797
-199.697
-199.025
-198.248
-197.902
-198.007
-198.283
-198.357
-198.281
-198.271
-198.359
-198.466
-198.556
-198.614
-198.661
-198.709
-198.753
-198.8
-198.843
-198.878
-198.897
-198.895
-198.869
-198.816
-198.736
-198.626
-198.486
-198.316
-198.116
-197.883
-197.615
-197.309
-196.964
-196.578
-196.145
-195.666
-195.135
-194.551
-193.904
-193.192
-192.407
-191.55
-190.619
-189.613
-188.491
-187.241
-185.905
-184.506
-183.029
-181.475
-179.869
-178.206
-176.413
-174.529
-172.601
-170.561
-168.406
-166.12
-163.671
-161.032
-158.183
-155.103
-151.764
-148.136
-144.182
-139.888
-135.268
-130.065
-124.376
-118.177
-111.431
-104.133
-96.3773
-87.9222
-78.9694
-69.545
-59.7387
-49.6962
-39.5997
-29.6781
-20.1887
-11.4189
-3.6334
2.92816
8.11008
11.834
14.1718
15.2767
15.3452
14.6143
13.3299
11.8389
10.2854
8.67349
7.27515
6.07979
5.10016
4.31842
3.72643
3.23054
2.86125
2.50066
2.20952
1.8026
1.42707
1.06539
34.9415
33.2769
32.5139
32.1334
31.9666
32.1893
33.1289
35.3188
39.0824
45.3598
53.8846
65.1334
78.707
92.8528
109.083
121.907
135.233
142.933
147.469
142.961
123.945
89.1054
43.4575
-7.22398
-57.549
-105.048
-149.61
-189.529
-223.248
-251.206
-274.484
-294.044
-310.671
-324.979
-337.327
-347.77
-356.454
-363.402
-368.773
-372.546
-374.827
-375.649
-375.052
-373.201
-370.087
-365.85
-360.519
-354.216
-347.038
-339.133
-330.617
-321.712
-312.573
-303.428
-294.389
-285.669
-277.41
-269.769
-262.801
-256.549
-250.894
-245.677
-240.804
-236.182
-231.83
-227.707
-223.832
-220.254
-216.938
-213.896
-211.026
-208.509
-206.144
-204.024
-202.008
-200.179
-198.563
-197.666
-197.4
-198.513
-199.395
-199.097
-196.718
-191.587
-187.479
-183.923
-180.382
-178.81
-180.5
-185.634
-191.308
-195.149
-197.53
-198.871
-199.385
-199.358
-199.019
-198.485
-197.836
-197.15
-196.443
-195.777
-195.222
-194.793
-194.472
-194.243
-194.087
-193.985
-193.913
-193.856
-193.801
-193.738
-193.651
-193.57
-193.494
-193.384
-193.244
-193.072
-192.862
-192.61
-192.307
-191.945
-191.517
-191.023
-190.452
-189.799
-189.055
-188.22
-187.287
-186.255
-185.112
-183.867
-182.542
-181.139
-179.645
-178.065
-176.427
-174.734
-172.904
-170.968
-168.985
-166.882
-164.651
-162.281
-159.755
-157.051
-154.149
-151.021
-147.643
-143.987
-140.026
-135.724
-131.125
-125.942
-120.277
-114.125
-107.456
-100.245
-92.6395
-84.3752
-75.654
-66.5192
-57.049
-47.3883
-37.7125
-28.2369
-19.1989
-10.8595
-3.45693
2.79768
7.76548
11.3986
13.7495
14.9226
15.0985
14.5194
13.4712
12.1598
10.7065
9.23012
7.91388
6.70174
5.6634
4.80295
4.12829
3.55697
3.14256
2.72822
2.4086
1.95714
1.56533
1.15159
34.7201
33.1048
32.3178
31.9139
31.7316
31.9092
32.7723
34.7855
38.3286
44.0711
52.127
62.257
74.9535
87.3619
102.053
113.154
124.289
130.852
133.983
128.495
109.863
77.7294
36.6249
-8.58671
-54.175
-98.0874
-139.534
-177.229
-209.924
-237.66
-261.057
-280.868
-297.74
-312.205
-324.615
-335.099
-343.793
-350.766
-356.141
-359.966
-362.298
-363.239
-362.8
-361.148
-358.296
-354.387
-349.47
-343.696
-337.153
-330.012
-322.367
-314.425
-306.306
-298.217
-290.245
-282.562
-275.26
-268.473
-262.261
-256.719
-251.732
-247.16
-242.874
-238.808
-234.919
-231.204
-227.631
-224.254
-221.045
-218.099
-215.338
-212.804
-210.419
-208.295
-206.317
-204.527
-202.844
-201.29
-199.72
-198.223
-196.915
-196.052
-195.697
-196.241
-197.383
-198.234
-198.551
-198.19
-196.981
-194.298
-190.961
-188.9
-187.401
-186.046
-185.003
-184.327
-183.957
-183.857
-184.037
-184.555
-185.433
-186.606
-188.004
-189.346
-190.374
-191.138
-191.715
-192.14
-192.432
-192.605
-192.68
-192.674
-192.607
-192.457
-192.252
-192.025
-191.76
-191.452
-191.093
-190.68
-190.207
-189.677
-189.087
-188.438
-187.72
-186.932
-186.062
-185.112
-184.071
-182.939
-181.709
-180.395
-179.023
-177.593
-176.086
-174.503
-172.862
-171.173
-169.349
-167.403
-165.404
-163.294
-161.058
-158.687
-156.165
-153.473
-150.592
-147.495
-144.165
-140.565
-136.698
-132.476
-128.024
-122.984
-117.487
-111.539
-105.138
-98.2101
-90.9054
-82.9611
-74.5912
-65.8563
-56.827
-47.6425
-38.4667
-29.4964
-20.9443
-13.0413
-5.99526
0.0108363
4.86091
8.51099
11.0137
12.4558
12.9819
12.8136
12.175
11.2141
10.0723
8.94376
7.8596
6.84015
5.94381
5.14107
4.45759
3.84054
3.39164
2.93266
2.58817
2.10333
1.68918
1.23232
34.5749
33.0774
32.2685
31.8473
31.6241
31.7178
32.4903
34.2352
37.5343
42.5454
50.1061
58.8044
70.4939
80.9299
93.6573
102.961
111.685
116.87
118.662
112.387
94.4531
65.2878
28.8624
-10.8988
-51.4846
-91.3568
-129.364
-164.463
-195.672
-222.757
-245.995
-265.876
-282.901
-297.488
-309.965
-320.498
-329.221
-336.237
-341.651
-345.557
-347.99
-349.088
-348.867
-347.492
-345
-341.534
-337.155
-332.01
-326.203
-319.893
-313.175
-306.22
-299.139
-292.093
-285.164
-278.47
-272.087
-266.114
-260.634
-255.772
-251.439
-247.498
-243.814
-240.321
-236.956
-233.712
-230.551
-227.507
-224.563
-221.765
-219.094
-216.612
-214.295
-212.137
-210.108
-208.261
-206.577
-205.059
-203.678
-202.413
-201.258
-200.116
-198.971
-197.774
-196.609
-195.53
-194.64
-193.956
-193.644
-193.795
-194.481
-195.401
-196.214
-196.806
-197.153
-197.25
-197.086
-196.692
-196.07
-195.254
-194.219
-193.007
-191.622
-190.23
-189.1
-188.185
-187.429
-186.812
-186.311
-185.917
-185.617
-185.389
-185.223
-185.152
-185.113
-185.054
-185
-184.959
-184.922
-184.907
-184.91
-184.941
-184.948
-184.865
-184.663
-184.345
-183.89
-183.298
-182.559
-181.677
-180.653
-179.504
-178.262
-176.942
-175.529
-174.027
-172.447
-170.817
-169.059
-167.151
-165.181
-163.095
-160.877
-158.521
-156.016
-153.334
-150.47
-147.382
-144.084
-140.497
-136.687
-132.5
-128.107
-123.162
-117.783
-111.958
-105.693
-98.9191
-91.7844
-84.0903
-76.0288
-67.6624
-59.053
-50.327
-41.6313
-33.1398
-25.0367
-17.5213
-10.7696
-4.93996
-0.129218
3.62025
6.3517
8.13766
9.10674
9.4357
9.32053
8.88155
8.2488
7.56153
6.84096
6.16925
5.55003
4.96587
4.44602
3.91639
3.49169
3.02327
2.67391
2.18559
1.75887
1.27566
34.4544
33.0791
32.2639
31.8361
31.5937
31.6377
32.2948
33.7615
36.7645
40.9313
47.8807
54.9403
65.3059
73.799
84.1088
91.508
97.7168
101.241
101.679
94.8592
78.0457
52.1335
20.4492
-14.0151
-49.5705
-85.1369
-119.498
-151.724
-181.04
-207.055
-229.775
-249.456
-266.441
-281.035
-293.518
-304.07
-312.818
-319.882
-325.369
-329.391
-331.988
-333.298
-333.36
-332.321
-330.259
-327.308
-323.553
-319.115
-314.109
-308.669
-302.896
-296.922
-290.851
-284.803
-278.857
-273.09
-267.559
-262.341
-257.544
-253.311
-249.589
-246.238
-243.134
-240.202
-237.379
-234.644
-231.964
-229.343
-226.779
-224.293
-221.884
-219.574
-217.373
-215.288
-213.314
-211.461
-209.735
-208.14
-206.674
-205.333
-204.121
-203.032
-202.069
-201.219
-200.486
-199.83
-199.215
-198.6
-197.978
-197.329
-196.638
-195.934
-195.249
-194.598
-193.992
-193.454
-192.973
-192.558
-192.236
-192.041
-191.966
-192.023
-192.203
-192.498
-192.865
-193.245
-193.602
-193.917
-194.173
-194.363
-194.48
-194.52
-194.479
-194.354
-194.138
-193.833
-193.447
-192.988
-192.456
-191.847
-191.158
-190.388
-189.557
-188.721
-187.843
-186.925
-185.962
-184.958
-183.901
-182.793
-181.627
-180.4
-179.101
-177.705
-176.199
-174.594
-172.888
-171.075
-169.143
-167.127
-165.073
-162.9
-160.601
-158.167
-155.593
-152.845
-149.926
-146.786
-143.441
-139.81
-135.935
-131.673
-127.112
-122.06
-116.765
-111.249
-105.445
-99.2131
-92.5138
-85.2225
-77.6162
-69.7576
-61.6868
-53.5129
-45.3633
-37.3903
-29.7523
-22.6255
-16.1652
-10.5112
-5.74991
-1.92458
0.992279
3.06471
4.40715
5.15806
5.49239
5.53002
5.37818
5.15772
4.89126
4.6266
4.35645
4.09574
3.83924
3.5522
3.26222
2.86452
2.56599
2.11952
1.72831
1.22928
34.325
33.053
32.247
31.8166
31.5726
31.5457
32.1036
33.236
35.9381
39.1927
45.2512
50.8021
59.4082
66.1357
73.8401
79.2901
83.141
84.9223
84.0818
77.0059
61.6275
38.9932
11.7987
-17.7591
-48.5083
-79.7429
-110.358
-139.517
-166.585
-191.124
-212.943
-232.105
-248.799
-263.236
-275.615
-286.117
-294.857
-301.968
-307.559
-311.74
-314.57
-316.172
-316.62
-316.029
-314.497
-312.135
-309.053
-305.366
-301.191
-296.637
-291.801
-286.786
-281.685
-276.586
-271.561
-266.657
-261.922
-257.413
-253.257
-249.616
-246.465
-243.659
-241.09
-238.673
-236.35
-234.088
-231.861
-229.662
-227.497
-225.37
-223.285
-221.252
-219.282
-217.382
-215.555
-213.806
-212.141
-210.562
-209.073
-207.673
-206.361
-205.136
-203.998
-202.943
-201.972
-201.085
-200.284
-199.568
-198.94
-198.4
-197.949
-197.58
-197.275
-197.013
-196.774
-196.544
-196.31
-196.069
-195.812
-195.536
-195.234
-194.903
-194.544
-194.157
-193.749
-193.327
-192.896
-192.461
-192.025
-191.591
-191.159
-190.732
-190.307
-189.885
-189.462
-189.036
-188.602
-188.158
-187.696
-187.215
-186.703
-186.158
-185.567
-184.921
-184.208
-183.427
-182.569
-181.629
-180.606
-179.504
-178.319
-177.05
-175.691
-174.232
-172.671
-171.015
-169.265
-167.422
-165.489
-163.485
-161.416
-159.24
-156.948
-154.528
-151.971
-149.251
-146.358
-143.26
-139.949
-136.38
-132.551
-128.404
-123.977
-119.193
-114.252
-109.109
-103.652
-97.756
-91.3878
-84.5536
-77.4602
-70.1537
-62.6694
-55.1027
-47.5627
-40.1805
-33.089
-26.439
-20.3587
-14.9747
-10.3633
-6.57304
-3.58411
-1.35324
0.213616
1.23329
1.85772
2.19718
2.35201
2.43714
2.47883
2.50943
2.54563
2.58007
2.57404
2.55788
2.48645
2.29357
2.13553
1.82144
1.51079
1.05324
34.1788
33.0231
32.2373
31.7977
31.5511
31.4317
31.8857
32.6269
34.9356
37.2782
42.1528
46.3097
52.912
57.9431
63.0945
66.6123
68.4208
68.6164
66.6892
59.5717
45.7124
26.1474
3.02561
-22.0725
-48.3425
-75.3351
-102.162
-128.095
-152.609
-175.276
-195.8
-214.099
-230.236
-244.324
-256.484
-266.868
-275.574
-282.725
-288.425
-292.784
-295.867
-297.794
-298.646
-298.538
-297.569
-295.85
-293.488
-290.583
-287.242
-283.559
-279.618
-275.502
-271.29
-267.05
-262.842
-258.701
-254.666
-250.786
-247.194
-244.074
-241.422
-239.098
-237.001
-235.047
-233.18
-231.365
-229.575
-227.797
-226.033
-224.285
-222.552
-220.841
-219.163
-217.525
-215.928
-214.376
-212.873
-211.422
-210.028
-208.695
-207.424
-206.214
-205.068
-203.982
-202.957
-201.989
-201.076
-200.212
-199.395
-198.621
-197.885
-197.186
-196.52
-195.885
-195.281
-194.707
-194.159
-193.64
-193.15
-192.69
-192.259
-191.859
-191.487
-191.143
-190.821
-190.517
-190.225
-189.937
-189.647
-189.348
-189.033
-188.695
-188.33
-187.93
-187.491
-187.008
-186.475
-185.889
-185.245
-184.541
-183.771
-182.934
-182.025
-181.045
-180.001
-178.893
-177.72
-176.48
-175.175
-173.803
-172.362
-170.852
-169.271
-167.618
-165.892
-164.095
-162.228
-160.291
-158.286
-156.214
-154.075
-151.851
-149.532
-147.105
-144.558
-141.871
-139.032
-136.019
-132.82
-129.407
-125.772
-121.885
-117.744
-113.363
-108.797
-104.023
-98.9756
-93.5718
-87.7882
-81.6619
-75.2986
-68.737
-62.0164
-55.2153
-48.421
-41.7406
-35.2824
-29.1705
-23.5145
-18.4227
-13.966
-10.1934
-7.10698
-4.68735
-2.87086
-1.57067
-0.675702
-0.0911772
0.266913
0.505829
0.655175
0.776228
0.886291
1.00468
1.10232
1.21729
1.28786
1.32479
1.32126
1.20732
0.992752
0.682203
34.0173
32.9872
32.2238
31.7702
31.5187
31.2943
31.5912
31.9651
33.601
35.1608
38.6736
41.5429
45.9465
49.2912
52.135
53.7826
53.8814
52.7368
49.942
42.9518
30.6314
13.8922
-5.57906
-26.6827
-48.8631
-71.847
-94.9661
-117.633
-139.399
-159.892
-178.773
-195.877
-211.163
-224.664
-236.431
-246.573
-255.161
-262.303
-268.1
-272.651
-276.023
-278.326
-279.646
-280.088
-279.747
-278.724
-277.114
-275.01
-272.506
-269.684
-266.614
-263.367
-260.003
-256.583
-253.15
-249.736
-246.368
-243.093
-240.041
-237.406
-235.201
-233.297
-231.6
-230.034
-228.547
-227.103
-225.677
-224.255
-222.836
-221.421
-220.006
-218.596
-217.198
-215.821
-214.463
-213.127
-211.813
-210.525
-209.268
-208.045
-206.858
-205.709
-204.599
-203.528
-202.498
-201.508
-200.559
-199.65
-198.78
-197.947
-197.151
-196.388
-195.656
-194.952
-194.272
-193.615
-192.974
-192.347
-191.731
-191.122
-190.516
-189.91
-189.3
-188.684
-188.059
-187.422
-186.772
-186.108
-185.426
-184.727
-184.007
-183.266
-182.503
-181.715
-180.902
-180.062
-179.192
-178.292
-177.356
-176.385
-175.374
-174.323
-173.226
-172.088
-170.913
-169.698
-168.439
-167.136
-165.787
-164.392
-162.946
-161.451
-159.9
-158.293
-156.627
-154.903
-153.118
-151.273
-149.37
-147.412
-145.393
-143.3
-141.123
-138.85
-136.469
-133.965
-131.326
-128.535
-125.581
-122.445
-119.115
-115.576
-111.823
-107.881
-103.762
-99.4377
-94.8538
-89.9572
-84.7397
-79.2576
-73.5549
-67.6655
-61.6338
-55.5223
-49.3992
-43.3494
-37.4597
-31.8297
-26.5489
-21.7067
-17.3659
-13.5772
-10.3585
-7.70691
-5.58565
-3.9408
-2.69947
-1.7882
-1.14612
-0.686965
-0.381818
-0.162908
-0.0169208
0.109877
0.210572
0.320003
0.399932
0.483592
0.502424
0.489282
0.322438
0.16915
33.8409
32.9405
32.204
31.74
31.4719
31.1393
31.2364
31.2342
32.1541
32.8543
34.979
36.5407
38.7796
40.4254
41.2911
41.2296
39.9279
37.7213
34.2845
27.5603
16.7212
2.50696
-13.7862
-31.3965
-49.9425
-69.2633
-88.8759
-108.339
-127.278
-145.39
-162.345
-177.949
-192.09
-204.751
-215.919
-225.663
-234.022
-241.082
-246.928
-251.644
-255.286
-257.957
-259.732
-260.71
-260.974
-260.616
-259.719
-258.367
-256.637
-254.602
-252.317
-249.842
-247.227
-244.522
-241.764
-238.979
-236.191
-233.442
-230.864
-228.655
-226.843
-225.304
-223.955
-222.723
-221.562
-220.439
-219.327
-218.214
-217.098
-215.977
-214.849
-213.713
-212.577
-211.447
-210.323
-209.203
-208.086
-206.977
-205.878
-204.792
-203.722
-202.667
-201.628
-200.606
-199.602
-198.618
-197.652
-196.706
-195.777
-194.867
-193.974
-193.097
-192.235
-191.387
-190.552
-189.73
-188.917
-188.114
-187.322
-186.54
-185.765
-184.997
-184.233
-183.471
-182.709
-181.946
-181.178
-180.404
-179.619
-178.824
-178.014
-177.188
-176.343
-175.477
-174.588
-173.674
-172.731
-171.757
-170.749
-169.706
-168.625
-167.504
-166.339
-165.136
-163.892
-162.606
-161.275
-159.898
-158.474
-157.003
-155.481
-153.911
-152.29
-150.622
-148.904
-147.139
-145.324
-143.462
-141.553
-139.593
-137.577
-135.503
-133.358
-131.134
-128.818
-126.403
-123.872
-121.219
-118.428
-115.492
-112.394
-109.128
-105.683
-102.082
-98.3022
-94.3374
-90.1697
-85.7664
-81.1188
-76.2677
-71.2239
-66.0178
-60.692
-55.2906
-49.8636
-44.4728
-39.1855
-34.0755
-29.2122
-24.6656
-20.4915
-16.7404
-13.4408
-10.6037
-8.21744
-6.25438
-4.67223
-3.41919
-2.45114
-1.707
-1.15031
-0.731597
-0.424956
-0.190048
-0.0225791
0.0985438
0.166158
0.212098
0.189176
0.151306
-0.0021131
-0.162774
33.651
32.8813
32.1803
31.7057
31.4003
30.9651
30.8191
30.4689
30.6318
30.5383
31.1164
31.4146
31.7061
31.6702
30.8763
29.348
26.9235
23.9111
20.0384
13.6635
4.18675
-7.83317
-21.4085
-36.0198
-51.4047
-67.4753
-83.8867
-100.33
-116.504
-132.177
-147.058
-160.957
-173.736
-185.343
-195.724
-204.912
-212.913
-219.793
-225.611
-230.44
-234.316
-237.333
-239.55
-241.058
-241.921
-242.225
-242.033
-241.421
-240.448
-239.179
-237.656
-235.931
-234.042
-232.033
-229.933
-227.765
-225.549
-223.322
-221.204
-219.389
-217.915
-216.677
-215.603
-214.632
-213.723
-212.845
-211.974
-211.1
-210.218
-209.329
-208.427
-207.512
-206.591
-205.668
-204.741
-203.809
-202.87
-201.926
-200.98
-200.035
-199.091
-198.149
-197.207
-196.268
-195.332
-194.402
-193.476
-192.555
-191.639
-190.73
-189.824
-188.923
-188.026
-187.134
-186.245
-185.359
-184.474
-183.59
-182.701
-181.81
-180.913
-180.012
-179.104
-178.19
-177.267
-176.335
-175.393
-174.442
-173.478
-172.502
-171.51
-170.504
-169.479
-168.437
-167.375
-166.293
-165.188
-164.062
-162.91
-161.734
-160.532
-159.304
-158.046
-156.76
-155.439
-154.086
-152.697
-151.274
-149.813
-148.317
-146.781
-145.209
-143.599
-141.955
-140.273
-138.556
-136.8
-135.01
-133.18
-131.311
-129.396
-127.435
-125.414
-123.329
-121.167
-118.922
-116.581
-114.138
-111.58
-108.9
-106.084
-103.128
-100.02
-96.791
-93.4293
-89.9389
-86.2993
-82.4642
-78.4076
-74.1644
-69.7482
-65.1833
-60.5017
-55.7329
-50.9113
-46.0815
-41.2928
-36.6019
-32.0655
-27.7415
-23.6841
-19.9408
-16.5465
-13.5238
-10.8824
-8.61594
-6.70933
-5.13162
-3.86025
-2.84467
-2.05543
-1.44293
-0.98171
-0.627307
-0.367329
-0.172777
-0.0374542
0.0489224
0.0752105
0.0490249
-0.0688255
-0.24411
33.4503
32.8094
32.1512
31.6642
31.3127
30.782
30.4147
29.6934
29.1455
28.2962
27.4106
26.4373
25.0661
23.4634
21.2845
18.5532
15.2441
11.6209
7.45912
1.4634
-6.79551
-16.9325
-28.2035
-40.2703
-52.9384
-66.1759
-79.7267
-93.3993
-106.947
-120.219
-132.962
-145.033
-156.274
-166.641
-176.041
-184.497
-191.976
-198.535
-204.195
-209.024
-213.026
-216.291
-218.847
-220.784
-222.138
-222.992
-223.385
-223.391
-223.047
-222.416
-221.524
-220.423
-219.136
-217.708
-216.154
-214.505
-212.769
-210.988
-209.266
-207.8
-206.626
-205.655
-204.822
-204.077
-203.381
-202.71
-202.043
-201.369
-200.685
-199.991
-199.281
-198.557
-197.82
-197.077
-196.324
-195.561
-194.783
-193.994
-193.194
-192.387
-191.57
-190.747
-189.912
-189.07
-188.22
-187.365
-186.503
-185.637
-184.764
-183.887
-183.003
-182.115
-181.221
-180.324
-179.421
-178.515
-177.603
-176.687
-175.764
-174.836
-173.901
-172.96
-172.01
-171.053
-170.085
-169.109
-168.122
-167.125
-166.115
-165.093
-164.056
-163.006
-161.94
-160.858
-159.759
-158.642
-157.505
-156.35
-155.171
-153.972
-152.749
-151.502
-150.229
-148.93
-147.603
-146.248
-144.863
-143.45
-142.005
-140.531
-139.025
-137.489
-135.922
-134.326
-132.699
-131.042
-129.353
-127.633
-125.88
-124.095
-122.271
-120.408
-118.494
-116.526
-114.492
-112.389
-110.205
-107.936
-105.571
-103.104
-100.526
-97.8302
-95.0118
-92.1061
-89.1117
-86.0255
-82.8165
-79.4284
-75.8317
-72.0643
-68.1439
-64.0884
-59.9208
-55.661
-51.3323
-46.9671
-42.6014
-38.2764
-34.0375
-29.9332
-26.0105
-22.3141
-18.8828
-15.7482
-12.9335
-10.4538
-8.31005
-6.48919
-4.98072
-3.74648
-2.76133
-1.98119
-1.38064
-0.912369
-0.563608
-0.294315
-0.111212
0.0171109
0.0688158
0.0566386
-0.0414409
-0.124755
33.2429
32.726
32.114
31.6241
31.2221
30.63
30.0744
29.0163
27.8996
26.2671
24.2136
21.9868
19.2405
16.2635
12.9021
9.18754
5.18096
1.09246
-3.28187
-8.97076
-16.2887
-24.9624
-34.4223
-44.4507
-54.911
-65.8018
-76.9328
-88.1943
-99.3985
-110.455
-121.162
-131.419
-141.083
-150.12
-158.43
-166.027
-172.859
-178.971
-184.36
-189.082
-193.119
-196.546
-199.373
-201.675
-203.469
-204.826
-205.766
-206.355
-206.612
-206.595
-206.313
-205.82
-205.121
-204.265
-203.252
-202.12
-200.865
-199.531
-198.195
-197.038
-196.103
-195.327
-194.659
-194.061
-193.5
-192.959
-192.416
-191.866
-191.302
-190.728
-190.138
-189.532
-188.912
-188.283
-187.641
-186.987
-186.316
-185.631
-184.931
-184.22
-183.496
-182.76
-182.007
-181.241
-180.463
-179.674
-178.872
-178.06
-177.235
-176.401
-175.554
-174.697
-173.829
-172.952
-172.064
-171.168
-170.261
-169.345
-168.418
-167.482
-166.536
-165.58
-164.614
-163.637
-162.649
-161.65
-160.639
-159.618
-158.583
-157.537
-156.477
-155.404
-154.316
-153.214
-152.096
-150.963
-149.813
-148.647
-147.463
-146.261
-145.039
-143.798
-142.536
-141.254
-139.95
-138.624
-137.274
-135.902
-134.506
-133.086
-131.643
-130.176
-128.684
-127.169
-125.63
-124.066
-122.476
-120.861
-119.219
-117.55
-115.849
-114.115
-112.339
-110.518
-108.642
-106.708
-104.708
-102.637
-100.486
-98.2516
-95.9238
-93.4987
-90.9723
-88.3834
-85.7379
-83.0271
-80.2105
-77.2223
-74.0277
-70.6668
-67.1626
-63.5259
-59.7733
-55.917
-51.9743
-47.9678
-43.9269
-39.8844
-35.8782
-31.9486
-28.1398
-24.4939
-21.0547
-17.8576
-14.9347
-12.3054
-9.98736
-7.98332
-6.28379
-4.86432
-3.70528
-2.77055
-2.03223
-1.4493
-1.00081
-0.653203
-0.402594
-0.218191
-0.120938
-0.0776669
-0.0970731
-0.162552
33.0356
32.6326
32.0709
31.5911
31.1432
30.5452
29.8312
28.6112
27.1069
24.8343
21.9322
18.6754
14.8451
10.7012
6.25633
1.60288
-3.09976
-7.63033
-12.1107
-17.3562
-23.6762
-30.9977
-38.8983
-47.2174
-55.8297
-64.7525
-73.841
-83.0437
-92.2097
-101.299
-110.155
-118.721
-126.871
-134.591
-141.78
-148.453
-154.546
-160.094
-165.077
-169.538
-173.445
-176.858
-179.771
-182.248
-184.287
-185.952
-187.247
-188.23
-188.906
-189.328
-189.495
-189.457
-189.21
-188.8
-188.221
-187.509
-186.657
-185.706
-184.719
-183.862
-183.176
-182.61
-182.123
-181.687
-181.276
-180.877
-180.472
-180.057
-179.627
-179.185
-178.727
-178.252
-177.761
-177.259
-176.743
-176.212
-175.663
-175.098
-174.517
-173.922
-173.311
-172.685
-172.04
-171.379
-170.702
-170.011
-169.305
-168.585
-167.85
-167.101
-166.337
-165.56
-164.769
-163.966
-163.149
-162.321
-161.479
-160.627
-159.761
-158.885
-157.996
-157.097
-156.185
-155.262
-154.327
-153.381
-152.422
-151.452
-150.469
-149.474
-148.466
-147.445
-146.409
-145.361
-144.298
-143.22
-142.127
-141.02
-139.895
-138.754
-137.595
-136.42
-135.226
-134.013
-132.781
-131.529
-130.257
-128.964
-127.65
-126.316
-124.96
-123.582
-122.181
-120.76
-119.314
-117.845
-116.351
-114.834
-113.29
-111.721
-110.122
-108.491
-106.822
-105.112
-103.352
-101.541
-99.6707
-97.7384
-95.7358
-93.6605
-91.5038
-89.2629
-86.9354
-84.5679
-82.1807
-79.7571
-77.2372
-74.5369
-71.6105
-68.506
-65.2585
-61.878
-58.3767
-54.7651
-51.0577
-47.2753
-43.4437
-39.5931
-35.7584
-31.979
-28.2959
-24.7523
-21.3889
-18.2447
-15.3535
-12.7376
-10.4146
-8.38545
-6.64775
-5.18343
-3.97514
-2.98898
-2.19931
-1.56754
-1.07386
-0.686829
-0.399297
-0.187581
-0.0627637
0.0027391
-0.0381948
-0.0335416
32.8408
32.5306
32.0257
31.5701
31.1077
30.5579
29.775
28.6543
26.9776
24.5567
21.1992
17.2491
12.6847
7.63267
2.2676
-3.35167
-9.01874
-14.5862
-20.0517
-25.8667
-32.0593
-38.5798
-45.287
-52.1994
-59.2632
-66.4946
-73.8023
-81.1667
-88.4965
-95.7644
-102.876
-109.791
-116.441
-122.814
-128.847
-134.539
-139.847
-144.78
-149.327
-153.496
-157.256
-160.631
-163.617
-166.247
-168.519
-170.471
-172.104
-173.457
-174.532
-175.366
-175.958
-176.344
-176.522
-176.527
-176.352
-176.029
-175.548
-174.943
-174.252
-173.611
-173.069
-172.605
-172.192
-171.815
-171.454
-171.097
-170.732
-170.356
-169.966
-169.563
-169.145
-168.711
-168.263
-167.804
-167.33
-166.844
-166.341
-165.824
-165.292
-164.747
-164.187
-163.614
-163.022
-162.416
-161.795
-161.162
-160.513
-159.852
-159.176
-158.487
-157.784
-157.068
-156.338
-155.596
-154.841
-154.074
-153.295
-152.505
-151.702
-150.887
-150.061
-149.224
-148.375
-147.515
-146.643
-145.76
-144.865
-143.96
-143.042
-142.113
-141.172
-140.219
-139.253
-138.276
-137.285
-136.282
-135.265
-134.235
-133.191
-132.134
-131.062
-129.976
-128.873
-127.757
-126.624
-125.477
-124.313
-123.133
-121.936
-120.724
-119.493
-118.247
-116.983
-115.702
-114.401
-113.084
-111.745
-110.389
-109.011
-107.614
-106.192
-104.746
-103.268
-101.759
-100.209
-98.6202
-96.982
-95.2943
-93.5468
-91.7382
-89.856
-87.8972
-85.8529
-83.768
-81.6542
-79.4745
-77.1402
-74.5493
-71.6551
-68.5423
-65.2603
-61.8295
-58.2732
-54.6096
-50.8621
-47.0584
-43.2297
-39.4087
-35.63
-31.9304
-28.3491
-24.9215
-21.6833
-18.664
-15.89
-13.3764
-11.1348
-9.16349
-7.45881
-6.00143
-4.77514
-3.74826
-2.90163
-2.20042
-1.6336
-1.16973
-0.811884
-0.531718
-0.346051
-0.217389
-0.139467
-0.134817
32.6557
32.4313
31.9742
31.5794
31.1218
30.6998
30.0107
29.2163
27.7545
25.9183
22.7315
18.9043
13.8832
8.19393
1.7825
-4.75824
-11.2226
-16.9872
-22.2273
-27.5405
-33.4788
-39.9444
-46.4467
-52.8354
-59.1579
-65.457
-71.6892
-77.8764
-83.9571
-89.9455
-95.7734
-101.431
-106.842
-112.053
-116.992
-121.701
-126.119
-130.292
-134.182
-137.845
-141.207
-144.312
-147.115
-149.669
-151.93
-153.956
-155.709
-157.248
-158.534
-159.629
-160.493
-161.186
-161.668
-162.002
-162.145
-162.161
-162.006
-161.752
-161.39
-161.073
-160.807
-160.595
-160.396
-160.215
-160.029
-159.843
-159.639
-159.425
-159.191
-158.944
-158.678
-158.397
-158.097
-157.785
-157.453
-157.107
-156.741
-156.361
-155.959
-155.544
-155.108
-154.658
-154.184
-153.694
-153.183
-152.66
-152.118
-151.563
-150.99
-150.406
-149.804
-149.191
-148.562
-147.923
-147.268
-146.605
-145.926
-145.239
-144.537
-143.827
-143.103
-142.372
-141.626
-140.873
-140.106
-139.332
-138.543
-137.748
-136.939
-136.122
-135.291
-134.453
-133.599
-132.739
-131.863
-130.979
-130.079
-129.171
-128.245
-127.312
-126.36
-125.399
-124.419
-123.43
-122.421
-121.4
-120.359
-119.306
-118.231
-117.143
-116.03
-114.904
-113.75
-112.581
-111.382
-110.165
-108.915
-107.644
-106.336
-105.004
-103.629
-102.223
-100.764
-99.2645
-97.6991
-96.0813
-94.3827
-92.6169
-90.7508
-88.7983
-86.7207
-84.5307
-82.191
-79.7931
-77.3795
-74.8929
-72.1865
-69.0675
-65.5349
-61.8412
-58.1329
-54.402
-50.6524
-46.9104
-43.2011
-39.5469
-35.9711
-32.4991
-29.154
-25.958
-22.9322
-20.0952
-17.4625
-15.0448
-12.8492
-10.8774
-9.12604
-7.58611
-6.24507
-5.08546
-4.08959
-3.2373
-2.51218
-1.89682
-1.38104
-0.952847
-0.609753
-0.342973
-0.155113
-0.0417602
-0.0211892
0.0349461
32.4892
32.335
31.9488
31.5942
31.2222
30.9109
30.5265
30.1304
29.535
28.7265
27.2953
25.1023
21.6894
16.5947
9.47408
-0.324649
-12.7133
-27.4259
-40.9202
-48.7566
-51.8426
-53.7787
-56.921
-60.859
-65.3439
-69.8065
-74.3769
-78.946
-83.5148
-87.8947
-92.1423
-96.2221
-100.391
-104.538
-108.648
-112.661
-116.658
-120.585
-124.459
-128.097
-131.451
-134.524
-137.38
-139.976
-142.344
-144.457
-146.358
-148.019
-149.482
-150.722
-151.779
-152.635
-153.325
-153.833
-154.194
-154.391
-154.461
-154.389
-154.22
-153.992
-153.782
-153.569
-153.364
-153.166
-152.968
-152.765
-152.552
-152.326
-152.086
-151.833
-151.567
-151.286
-150.993
-150.687
-150.37
-150.038
-149.695
-149.337
-148.968
-148.587
-148.193
-147.786
-147.366
-146.931
-146.478
-146.009
-145.526
-145.029
-144.517
-143.991
-143.452
-142.898
-142.333
-141.753
-141.163
-140.559
-139.944
-139.317
-138.679
-138.028
-137.368
-136.695
-136.012
-135.317
-134.612
-133.895
-133.169
-132.431
-131.683
-130.923
-130.153
-129.371
-128.579
-127.775
-126.96
-126.134
-125.296
-124.446
-123.586
-122.712
-121.828
-120.93
-120.021
-119.099
-118.166
-117.219
-116.26
-115.289
-114.306
-113.31
-112.303
-111.282
-110.251
-109.207
-108.153
-107.087
-106.012
-104.926
-103.835
-102.735
-101.632
-100.522
-99.4134
-98.3011
-97.1965
-96.0928
-95.008
-93.9314
-92.8926
-91.8743
-90.9202
-90.0073
-89.1478
-88.3579
-87.6134
-85.7688
-81.6626
-75.6112
-68.62
-62.5862
-57.1413
-52.0369
-47.1743
-42.6051
-38.3749
-34.4622
-30.8443
-27.5137
-24.4664
-21.6881
-19.1656
-16.885
-14.8338
-12.9942
-11.3508
-9.88327
-8.57544
-7.40594
-6.36065
-5.41983
-4.57484
-3.80985
-3.12418
-2.50606
-1.96308
-1.48521
-1.08652
-0.754349
-0.506214
-0.318399
-0.185959
-0.105332
32.393
32.2762
31.9377
31.6305
31.3588
31.141
31.0017
30.9258
31.0495
31.3052
32.0415
32.9094
34.5713
36.4658
39.7931
42.7672
43.0482
28.5796
-12.9001
-53.9623
-75.7039
-76.3109
-72.6713
-72.5575
-75.356
-77.9704
-80.8354
-84.3006
-88.2322
-92.2959
-95.5415
-96.5752
-97.957
-99.7162
-101.511
-103.099
-104.615
-106.254
-109.661
-113.9
-117.611
-120.897
-124.039
-126.961
-129.67
-132.121
-134.364
-136.35
-138.121
-139.626
-140.906
-141.908
-142.672
-143.142
-143.355
-143.252
-142.868
-142.161
-141.357
-141.207
-142.543
-143.681
-144.307
-144.798
-145.271
-145.694
-146.08
-146.433
-146.767
-147.073
-147.363
-147.629
-147.883
-148.117
-148.343
-148.552
-148.756
-148.946
-149.132
-149.306
-149.46
-149.602
-149.15
-148.127
-147.36
-146.68
-145.968
-145.242
-144.53
-143.821
-143.117
-142.412
-141.714
-141.014
-140.321
-139.626
-138.936
-138.245
-137.56
-136.872
-136.19
-135.505
-134.826
-134.145
-133.47
-132.792
-132.12
-131.447
-130.779
-130.11
-129.448
-128.785
-128.128
-127.471
-126.823
-126.174
-125.535
-124.897
-124.269
-123.643
-123.03
-122.421
-121.826
-121.237
-120.664
-120.1
-119.556
-119.024
-118.515
-118.022
-117.557
-117.113
-116.703
-116.319
-115.976
-115.667
-115.41
-115.192
-115.04
-114.935
-114.915
-114.952
-115.092
-115.307
-115.646
-116.086
-116.674
-117.403
-118.309
-119.406
-120.7
-122.144
-123.321
-122.098
-96.63
-58.4058
-22.1622
3.4658
10.5341
5.77314
1.7848
1.16043
0.527524
-0.583263
-1.56668
-2.34066
-3.01342
-3.59942
-4.08093
-4.45817
-4.73753
-4.9209
-5.01072
-5.01026
-4.92519
-4.7609
-4.5256
-4.2271
-3.87683
-3.48484
-3.06552
-2.63003
-2.19464
-1.76939
-1.3709
-1.0054
-0.688719
-0.420654
-0.216321
-0.0669612
0.00411469
0.00903836
)
;

boundaryField
{
    back
    {
        type            empty;
    }
    down
    {
        type            zeroGradient;
    }
    front
    {
        type            empty;
    }
    inlet
    {
        type            zeroGradient;
    }
    outlet
    {
        type            fixedValue;
        value           uniform 0;
    }
    up
    {
        type            zeroGradient;
    }
}


// ************************************************************************* //
