220
(
    // zmin
(-0.8988 0 0)
(-0.8988 3.36379e-06 0.0) 
(-0.8988 1.01157e-05 0.0) 
(-0.8988 1.69406e-05 0.0) 
(-0.8988 2.38879e-05 0.0) 
(-0.8988 3.10076e-05 0.0) 
(-0.8988 3.83513e-05 0.0) 
(-0.8988 4.5972e-05 0.0) 
(-0.8988 5.39247e-05 0.0) 
(-0.8988 6.22668e-05 0.0) 
(-0.8988 7.10585e-05 0.0) 
(-0.8988 8.03635e-05 0.0) 
(-0.8988 9.02488e-05 0.0) 
(-0.8988 0.000100786 0.0) 
(-0.8988 0.000112051 0.0) 
(-0.8988 0.000124125 0.0) 
(-0.8988 0.000137095 0.0) 
(-0.8988 0.000151056 0.0) 
(-0.8988 0.000166107 0.0) 
(-0.8988 0.000182358 0.0) 
(-0.8988 0.000199926 0.0) 
(-0.8988 0.000218938 0.0) 
(-0.8988 0.000239531 0.0) 
(-0.8988 0.000261854 0.0) 
(-0.8988 0.000286067 0.0) 
(-0.8988 0.000312347 0.0) 
(-0.8988 0.000340882 0.0) 
(-0.8988 0.000371879 0.0) 
(-0.8988 0.000405562 0.0) 
(-0.8988 0.000442174 0.0) 
(-0.8988 0.000481978 0.0) 
(-0.8988 0.000525264 0.0) 
(-0.8988 0.000572343 0.0) 
(-0.8988 0.000623555 0.0) 
(-0.8988 0.00067927 0.0) 
(-0.8988 0.000739891 0.0) 
(-0.8988 0.000805855 0.0) 
(-0.8988 0.000877638 0.0) 
(-0.8988 0.00095576 0.0) 
(-0.8988 0.00104078 0.0) 
(-0.8988 0.00113332 0.0) 
(-0.8988 0.00123405 0.0) 
(-0.8988 0.00134369 0.0) 
(-0.8988 0.00146303 0.0) 
(-0.8988 0.00159293 0.0) 
(-0.8988 0.00173434 0.0) 
(-0.8988 0.00188828 0.0) 
(-0.8988 0.00205585 0.0) 
(-0.8988 0.00223827 0.0) 
(-0.8988 0.00243685 0.0) 
(-0.8988 0.00265303 0.0) 
(-0.8988 0.00288837 0.0) 
(-0.8988 0.00314457 0.0) 
(-0.8988 0.00342348 0.0) 
(-0.8988 0.00372711 0.0) 
(-0.8988 0.00405765 0.0) 
(-0.8988 0.00441751 0.0) 
(-0.8988 0.00480926 0.0) 
(-0.8988 0.00523574 0.0) 
(-0.8988 0.00570004 0.0) 
(-0.8988 0.0062055 0.0) 
(-0.8988 0.00675577 0.0) 
(-0.8988 0.00735483 0.0) 
(-0.8988 0.00800701 0.0) 
(-0.8988 0.00871701 0.0) 
(-0.8988 0.00948996 0.0) 
(-0.8988 0.0103314 0.0) 
(-0.8988 0.0112475 0.0) 
(-0.8988 0.0122449 0.0) 
(-0.8988 0.0133306 0.0) 
(-0.8988 0.0145126 0.0) 
(-0.8988 0.0157995 0.0) 
(-0.8988 0.0172004 0.0) 
(-0.8988 0.0187255 0.0) 
(-0.8988 0.0203859 0.0) 
(-0.8988 0.0221935 0.0) 
(-0.8988 0.0241614 0.0) 
(-0.8988 0.0263038 0.0) 
(-0.8988 0.0286361 0.0) 
(-0.8988 0.0311752 0.0) 
(-0.8988 0.0339394 0.0) 
(-0.8988 0.0369488 0.0) 
(-0.8988 0.040225 0.0) 
(-0.8988 0.0437917 0.0) 
(-0.8988 0.0476746 0.0) 
(-0.8988 0.0519019 0.0) 
(-0.8988 0.0565039 0.0) 
(-0.8988 0.061514 0.0) 
(-0.8988 0.0669684 0.0) 
(-0.8988 0.0729063 0.0) 
(-0.8988 0.0793708 0.0) 
(-0.8988 0.0864085 0.0) 
(-0.8988 0.0940702 0.0) 
(-0.8988 0.102411 0.0) 
(-0.8988 0.111492 0.0) 
(-0.8988 0.121378 0.0) 
(-0.8988 0.13214 0.0) 
(-0.8988 0.143857 0.0) 
(-0.8988 0.156612 0.0) 
(-0.8988 0.170499 0.0) 
(-0.8988 0.185616 0.0) 
(-0.8988 0.202075 0.0) 
(-0.8988 0.219992 0.0) 
(-0.8988 0.239499 0.0) 
(-0.8988 0.260735 0.0) 
(-0.8988 0.283854 0.0) 
(-0.8988 0.309022 0.0) 
(-0.8988 0.336423 0.0) 
(-0.8988 0.366253 0.0) 
(-0.8988 0.381801 0.0) 

// zmax
(-0.8988 0 0.168)
(-0.8988 3.36379e-06 0.168) 
(-0.8988 1.01157e-05 0.168) 
(-0.8988 1.69406e-05 0.168) 
(-0.8988 2.38879e-05 0.168) 
(-0.8988 3.10076e-05 0.168) 
(-0.8988 3.83513e-05 0.168) 
(-0.8988 4.5972e-05 0.168) 
(-0.8988 5.39247e-05 0.168) 
(-0.8988 6.22668e-05 0.168) 
(-0.8988 7.10585e-05 0.168) 
(-0.8988 8.03635e-05 0.168) 
(-0.8988 9.02488e-05 0.168) 
(-0.8988 0.000100786 0.168) 
(-0.8988 0.000112051 0.168) 
(-0.8988 0.000124125 0.168) 
(-0.8988 0.000137095 0.168) 
(-0.8988 0.000151056 0.168) 
(-0.8988 0.000166107 0.168) 
(-0.8988 0.000182358 0.168) 
(-0.8988 0.000199926 0.168) 
(-0.8988 0.000218938 0.168) 
(-0.8988 0.000239531 0.168) 
(-0.8988 0.000261854 0.168) 
(-0.8988 0.000286067 0.168) 
(-0.8988 0.000312347 0.168) 
(-0.8988 0.000340882 0.168) 
(-0.8988 0.000371879 0.168) 
(-0.8988 0.000405562 0.168) 
(-0.8988 0.000442174 0.168) 
(-0.8988 0.000481978 0.168) 
(-0.8988 0.000525264 0.168) 
(-0.8988 0.000572343 0.168) 
(-0.8988 0.000623555 0.168) 
(-0.8988 0.00067927 0.168) 
(-0.8988 0.000739891 0.168) 
(-0.8988 0.000805855 0.168) 
(-0.8988 0.000877638 0.168) 
(-0.8988 0.00095576 0.168) 
(-0.8988 0.00104078 0.168) 
(-0.8988 0.00113332 0.168) 
(-0.8988 0.00123405 0.168) 
(-0.8988 0.00134369 0.168) 
(-0.8988 0.00146303 0.168) 
(-0.8988 0.00159293 0.168) 
(-0.8988 0.00173434 0.168) 
(-0.8988 0.00188828 0.168) 
(-0.8988 0.00205585 0.168) 
(-0.8988 0.00223827 0.168) 
(-0.8988 0.00243685 0.168) 
(-0.8988 0.00265303 0.168) 
(-0.8988 0.00288837 0.168) 
(-0.8988 0.00314457 0.168) 
(-0.8988 0.00342348 0.168) 
(-0.8988 0.00372711 0.168) 
(-0.8988 0.00405765 0.168) 
(-0.8988 0.00441751 0.168) 
(-0.8988 0.00480926 0.168) 
(-0.8988 0.00523574 0.168) 
(-0.8988 0.00570004 0.168) 
(-0.8988 0.0062055 0.168) 
(-0.8988 0.00675577 0.168) 
(-0.8988 0.00735483 0.168) 
(-0.8988 0.00800701 0.168) 
(-0.8988 0.00871701 0.168) 
(-0.8988 0.00948996 0.168) 
(-0.8988 0.0103314 0.168) 
(-0.8988 0.0112475 0.168) 
(-0.8988 0.0122449 0.168) 
(-0.8988 0.0133306 0.168) 
(-0.8988 0.0145126 0.168) 
(-0.8988 0.0157995 0.168) 
(-0.8988 0.0172004 0.168) 
(-0.8988 0.0187255 0.168) 
(-0.8988 0.0203859 0.168) 
(-0.8988 0.0221935 0.168) 
(-0.8988 0.0241614 0.168) 
(-0.8988 0.0263038 0.168) 
(-0.8988 0.0286361 0.168) 
(-0.8988 0.0311752 0.168) 
(-0.8988 0.0339394 0.168) 
(-0.8988 0.0369488 0.168) 
(-0.8988 0.040225 0.168) 
(-0.8988 0.0437917 0.168) 
(-0.8988 0.0476746 0.168) 
(-0.8988 0.0519019 0.168) 
(-0.8988 0.0565039 0.168) 
(-0.8988 0.061514 0.168) 
(-0.8988 0.0669684 0.168) 
(-0.8988 0.0729063 0.168) 
(-0.8988 0.0793708 0.168) 
(-0.8988 0.0864085 0.168) 
(-0.8988 0.0940702 0.168) 
(-0.8988 0.102411 0.168) 
(-0.8988 0.111492 0.168) 
(-0.8988 0.121378 0.168) 
(-0.8988 0.13214 0.168) 
(-0.8988 0.143857 0.168) 
(-0.8988 0.156612 0.168) 
(-0.8988 0.170499 0.168) 
(-0.8988 0.185616 0.168) 
(-0.8988 0.202075 0.168) 
(-0.8988 0.219992 0.168) 
(-0.8988 0.239499 0.168) 
(-0.8988 0.260735 0.168) 
(-0.8988 0.283854 0.168) 
(-0.8988 0.309022 0.168) 
(-0.8988 0.336423 0.168) 
(-0.8988 0.366253 0.168) 
(-0.8988 0.381801 0.168)
) 

// ************************************************************************* //
