/*--------------------------------*- C++ -*----------------------------------*\
| =========                 |                                                 |
| \\      /  F ield         | OpenFOAM: The Open Source CFD Toolbox           |
|  \\    /   O peration     | Version:  2212                                  |
|   \\  /    A nd           | Website:  www.openfoam.com                      |
|    \\/     M anipulation  |                                                 |
\*---------------------------------------------------------------------------*/
FoamFile
{
    version     2.0;
    format      ascii;
    arch        "LSB;label=32;scalar=64";
    class       volScalarField;
    location    "1";
    object      dwall;
}
// * * * * * * * * * * * * * * * * * * * * * * * * * * * * * * * * * * * * * //

dimensions      [0 1 0 0 0 0 0];

internalField   nonuniform List<scalar> 
3600
(
0.001
0.001
0.001
0.001
0.001
0.001
0.001
0.001
0.001
0.001
0.001
0.001
0.001
0.001
0.001
0.001
0.001
0.001
0.001
0.001
0.001
0.001
0.001
0.001
0.001
0.001
0.001
0.001
0.001
0.001
0.001
0.001
0.001
0.001
0.001
0.001
0.001
0.001
0.001
0.001
0.001
0.001
0.001
0.001
0.001
0.001
0.001
0.001
0.001
0.001
0.001
0.001
0.001
0.001
0.001
0.001
0.001
0.001
0.001
0.001
0.001
0.00306978
0.00306978
0.00306978
0.00306978
0.00306978
0.00306978
0.00306978
0.00306978
0.00306978
0.00306978
0.00306978
0.00306978
0.00306978
0.00306978
0.00306978
0.00306978
0.00306978
0.00306978
0.00306978
0.00306978
0.00306978
0.00306978
0.00306978
0.00306978
0.00306978
0.00306978
0.00306978
0.00306978
0.00306978
0.00306978
0.00306978
0.00306978
0.00306978
0.00306978
0.00306978
0.00306978
0.00306978
0.00306978
0.00306978
0.00306978
0.00306978
0.00306978
0.00306978
0.00306978
0.00306978
0.00306978
0.00306978
0.00306978
0.00306978
0.00306978
0.00306978
0.00306978
0.00306978
0.00306978
0.00306978
0.00306978
0.00306978
0.00306978
0.00306978
0.001
0.00306978
0.00528383
0.00528383
0.00528383
0.00528383
0.00528383
0.00528383
0.00528383
0.00528383
0.00528383
0.00528383
0.00528383
0.00528383
0.00528383
0.00528383
0.00528383
0.00528383
0.00528383
0.00528383
0.00528383
0.00528383
0.00528383
0.00528383
0.00528383
0.00528383
0.00528383
0.00528383
0.00528383
0.00528383
0.00528383
0.00528383
0.00528383
0.00528383
0.00528383
0.00528383
0.00528383
0.00528383
0.00528383
0.00528383
0.00528383
0.00528383
0.00528383
0.00528383
0.00528383
0.00528383
0.00528383
0.00528383
0.00528383
0.00528383
0.00528383
0.00528383
0.00528383
0.00528383
0.00528383
0.00528383
0.00528383
0.00528383
0.00528383
0.00528383
0.001
0.00306978
0.00528383
0.0076519
0.0076519
0.0076519
0.0076519
0.0076519
0.0076519
0.0076519
0.0076519
0.0076519
0.0076519
0.0076519
0.0076519
0.0076519
0.0076519
0.0076519
0.0076519
0.0076519
0.0076519
0.0076519
0.0076519
0.0076519
0.0076519
0.0076519
0.0076519
0.0076519
0.0076519
0.0076519
0.0076519
0.0076519
0.0076519
0.0076519
0.0076519
0.0076519
0.0076519
0.0076519
0.0076519
0.0076519
0.0076519
0.0076519
0.0076519
0.0076519
0.0076519
0.0076519
0.0076519
0.0076519
0.0076519
0.0076519
0.0076519
0.0076519
0.0076519
0.0076519
0.0076519
0.0076519
0.0076519
0.0076519
0.0076519
0.0076519
0.001
0.00306978
0.00528383
0.0076519
0.0101844
0.0101844
0.0101844
0.0101844
0.0101844
0.0101844
0.0101844
0.0101844
0.0101844
0.0101844
0.0101844
0.0101844
0.0101844
0.0101844
0.0101844
0.0101844
0.0101844
0.0101844
0.0101844
0.0101844
0.0101844
0.0101844
0.0101844
0.0101844
0.0101844
0.0101844
0.0101844
0.0101844
0.0101844
0.0101844
0.0101844
0.0101844
0.0101844
0.0101844
0.0101844
0.0101844
0.0101844
0.0101844
0.0101844
0.0101844
0.0101844
0.0101844
0.0101844
0.0101844
0.0101844
0.0101844
0.0101844
0.0101844
0.0101844
0.0101844
0.0101844
0.0101844
0.0101844
0.0101844
0.0101844
0.0101844
0.001
0.00306978
0.00528383
0.0076519
0.0101844
0.0128922
0.0128922
0.0128922
0.0128922
0.0128922
0.0128922
0.0128922
0.0128922
0.0128922
0.0128922
0.0128922
0.0128922
0.0128922
0.0128922
0.0128922
0.0128922
0.0128922
0.0128922
0.0128922
0.0128922
0.0128922
0.0128922
0.0128922
0.0128922
0.0128922
0.0128922
0.0128922
0.0128922
0.0128922
0.0128922
0.0128922
0.0128922
0.0128922
0.0128922
0.0128922
0.0128922
0.0128922
0.0128922
0.0128922
0.0128922
0.0128922
0.0128922
0.0128922
0.0128922
0.0128922
0.0128922
0.0128922
0.0128922
0.0128922
0.0128922
0.0128922
0.0128922
0.0128922
0.0128922
0.0128922
0.001
0.00306978
0.00528383
0.0076519
0.0101844
0.0128922
0.0157872
0.0157872
0.0157872
0.0157872
0.0157872
0.0157872
0.0157872
0.0157872
0.0157872
0.0157872
0.0157872
0.0157872
0.0157872
0.0157872
0.0157872
0.0157872
0.0157872
0.0157872
0.0157872
0.0157872
0.0157872
0.0157872
0.0157872
0.0157872
0.0157872
0.0157872
0.0157872
0.0157872
0.0157872
0.0157872
0.0157872
0.0157872
0.0157872
0.0157872
0.0157872
0.0157872
0.0157872
0.0157872
0.0157872
0.0157872
0.0157872
0.0157872
0.0157872
0.0157872
0.0157872
0.0157872
0.0157872
0.0157872
0.0157872
0.0157872
0.0157872
0.0157872
0.0157872
0.0157872
0.001
0.00306978
0.00528383
0.0076519
0.0101844
0.0128922
0.0157872
0.0188816
0.0188816
0.0188816
0.0188816
0.0188816
0.0188816
0.0188816
0.0188816
0.0188816
0.0188816
0.0188816
0.0188816
0.0188816
0.0188816
0.0188816
0.0188816
0.0188816
0.0188816
0.0188816
0.0188816
0.0188816
0.0188816
0.0188816
0.0188816
0.0188816
0.0188816
0.0188816
0.0188816
0.0188816
0.0188816
0.0188816
0.0188816
0.0188816
0.0188816
0.0188816
0.0188816
0.0188816
0.0188816
0.0188816
0.0188816
0.0188816
0.0188816
0.0188816
0.0188816
0.0188816
0.0188816
0.0188816
0.0188816
0.0188816
0.0188816
0.0188816
0.0188816
0.0188816
0.001
0.00306978
0.00528383
0.0076519
0.0101844
0.0128922
0.0157872
0.0188816
0.0221886
0.0221886
0.0221886
0.0221886
0.0221886
0.0221886
0.0221886
0.0221886
0.0221886
0.0221886
0.0221886
0.0221886
0.0221886
0.0221886
0.0221886
0.0221886
0.0221886
0.0221886
0.0221886
0.0221886
0.0221886
0.0221886
0.0221886
0.0221886
0.0221886
0.0221886
0.0221886
0.0221886
0.0221886
0.0221886
0.0221886
0.0221886
0.0221886
0.0221886
0.0221886
0.0221886
0.0221886
0.0221886
0.0221886
0.0221886
0.0221886
0.0221886
0.0221886
0.0221886
0.0221886
0.0221886
0.0221886
0.0221886
0.0221886
0.0221886
0.0221886
0.0221886
0.001
0.00306978
0.00528383
0.0076519
0.0101844
0.0128922
0.0157872
0.0188816
0.0221886
0.0257222
0.0257222
0.0257222
0.0257222
0.0257222
0.0257222
0.0257222
0.0257222
0.0257222
0.0257222
0.0257222
0.0257222
0.0257222
0.0257222
0.0257222
0.0257222
0.0257222
0.0257222
0.0257222
0.0257222
0.0257222
0.0257222
0.0257222
0.0257222
0.0257222
0.0257222
0.0257222
0.0257222
0.0257222
0.0257222
0.0257222
0.0257222
0.0257222
0.0257222
0.0257222
0.0257222
0.0257222
0.0257222
0.0257222
0.0257222
0.0257222
0.0257222
0.0257222
0.0257222
0.0257222
0.0257222
0.0257222
0.0257222
0.0257222
0.0257222
0.0257222
0.001
0.00306978
0.00528383
0.0076519
0.0101844
0.0128922
0.0157872
0.0188816
0.0221886
0.0257222
0.0294971
0.0294971
0.0294971
0.0294971
0.0294971
0.0294971
0.0294971
0.0294971
0.0294971
0.0294971
0.0294971
0.0294971
0.0294971
0.0294971
0.0294971
0.0294971
0.0294971
0.0294971
0.0294971
0.0294971
0.0294971
0.0294971
0.0294971
0.0294971
0.0294971
0.0294971
0.0294971
0.0294971
0.0294971
0.0294971
0.0294971
0.0294971
0.0294971
0.0294971
0.0294971
0.0294971
0.0294971
0.0294971
0.0294971
0.0294971
0.0294971
0.0294971
0.0294971
0.0294971
0.0294971
0.0294971
0.0294971
0.0294971
0.0294971
0.0294971
0.001
0.00306978
0.00528383
0.0076519
0.0101844
0.0128922
0.0157872
0.0188816
0.0221886
0.0257222
0.0294971
0.0335289
0.0335289
0.0335289
0.0335289
0.0335289
0.0335289
0.0335289
0.0335289
0.0335289
0.0335289
0.0335289
0.0335289
0.0335289
0.0335289
0.0335289
0.0335289
0.0335289
0.0335289
0.0335289
0.0335289
0.0335289
0.0335289
0.0335289
0.0335289
0.0335289
0.0335289
0.0335289
0.0335289
0.0335289
0.0335289
0.0335289
0.0335289
0.0335289
0.0335289
0.0335289
0.0335289
0.0335289
0.0335289
0.0335289
0.0335289
0.0335289
0.0335289
0.0335289
0.0335289
0.0335289
0.0335289
0.0335289
0.0335289
0.0335289
0.001
0.00306978
0.00528383
0.0076519
0.0101844
0.0128922
0.0157872
0.0188816
0.0221886
0.0257222
0.0294971
0.0335289
0.037834
0.037834
0.037834
0.037834
0.037834
0.037834
0.037834
0.037834
0.037834
0.037834
0.037834
0.037834
0.037834
0.037834
0.037834
0.037834
0.037834
0.037834
0.037834
0.037834
0.037834
0.037834
0.037834
0.037834
0.037834
0.037834
0.037834
0.037834
0.037834
0.037834
0.037834
0.037834
0.037834
0.037834
0.037834
0.037834
0.037834
0.037834
0.037834
0.037834
0.037834
0.037834
0.037834
0.037834
0.037834
0.037834
0.037834
0.037834
0.001
0.00306978
0.00528383
0.0076519
0.0101844
0.0128922
0.0157872
0.0188816
0.0221886
0.0257222
0.0294971
0.0335289
0.037834
0.0424297
0.0424297
0.0424297
0.0424297
0.0424297
0.0424297
0.0424297
0.0424297
0.0424297
0.0424297
0.0424297
0.0424297
0.0424297
0.0424297
0.0424297
0.0424297
0.0424297
0.0424297
0.0424297
0.0424297
0.0424297
0.0424297
0.0424297
0.0424297
0.0424297
0.0424297
0.0424297
0.0424297
0.0424297
0.0424297
0.0424297
0.0424297
0.0424297
0.0424297
0.0424297
0.0424297
0.0424297
0.0424297
0.0424297
0.0424297
0.0424297
0.0424297
0.0424297
0.0424297
0.0424297
0.0424297
0.0424297
0.001
0.00306978
0.00528383
0.0076519
0.0101844
0.0128922
0.0157872
0.0188816
0.0221886
0.0257222
0.0294971
0.0335289
0.037834
0.0424297
0.0473345
0.0473345
0.0473345
0.0473345
0.0473345
0.0473345
0.0473345
0.0473345
0.0473345
0.0473345
0.0473345
0.0473345
0.0473345
0.0473345
0.0473345
0.0473345
0.0473345
0.0473345
0.0473345
0.0473345
0.0473345
0.0473345
0.0473345
0.0473345
0.0473345
0.0473345
0.0473345
0.0473345
0.0473345
0.0473345
0.0473345
0.0473345
0.0473345
0.0473345
0.0473345
0.0473345
0.0473345
0.0473345
0.0473345
0.0473345
0.0473345
0.0473345
0.0473345
0.0473345
0.0473345
0.0473345
0.001
0.00306978
0.00528383
0.0076519
0.0101844
0.0128922
0.0157872
0.0188816
0.0221886
0.0257222
0.0294971
0.0335289
0.037834
0.0424297
0.0473345
0.0525676
0.0525676
0.0525676
0.0525676
0.0525676
0.0525676
0.0525676
0.0525676
0.0525676
0.0525676
0.0525676
0.0525676
0.0525676
0.0525676
0.0525676
0.0525676
0.0525676
0.0525676
0.0525676
0.0525676
0.0525676
0.0525676
0.0525676
0.0525676
0.0525676
0.0525676
0.0525676
0.0525676
0.0525676
0.0525676
0.0525676
0.0525676
0.0525676
0.0525676
0.0525676
0.0525676
0.0525676
0.0525676
0.0525676
0.0525676
0.0525676
0.0525676
0.0525676
0.0525676
0.0525676
0.001
0.00306978
0.00528383
0.0076519
0.0101844
0.0128922
0.0157872
0.0188816
0.0221886
0.0257222
0.0294971
0.0335289
0.037834
0.0424297
0.0473345
0.0525676
0.0581492
0.0581492
0.0581492
0.0581492
0.0581492
0.0581492
0.0581492
0.0581492
0.0581492
0.0581492
0.0581492
0.0581492
0.0581492
0.0581492
0.0581492
0.0581492
0.0581492
0.0581492
0.0581492
0.0581492
0.0581492
0.0581492
0.0581492
0.0581492
0.0581492
0.0581492
0.0581492
0.0581492
0.0581492
0.0581492
0.0581492
0.0581492
0.0581492
0.0581492
0.0581492
0.0581492
0.0581492
0.0581492
0.0581492
0.0581492
0.0581492
0.0581492
0.0581492
0.0581492
0.001
0.00306978
0.00528383
0.0076519
0.0101844
0.0128922
0.0157872
0.0188816
0.0221886
0.0257222
0.0294971
0.0335289
0.037834
0.0424297
0.0473345
0.0525676
0.0581492
0.0641006
0.0641006
0.0641006
0.0641006
0.0641006
0.0641006
0.0641006
0.0641006
0.0641006
0.0641006
0.0641006
0.0641006
0.0641006
0.0641006
0.0641006
0.0641006
0.0641006
0.0641006
0.0641006
0.0641006
0.0641006
0.0641006
0.0641006
0.0641006
0.0641006
0.0641006
0.0641006
0.0641006
0.0641006
0.0641006
0.0641006
0.0641006
0.0641006
0.0641006
0.0641006
0.0641006
0.0641006
0.0641006
0.0641006
0.0641006
0.0641006
0.0641006
0.0641006
0.001
0.00306978
0.00528383
0.0076519
0.0101844
0.0128922
0.0157872
0.0188816
0.0221886
0.0257222
0.0294971
0.0335289
0.037834
0.0424297
0.0473345
0.0525676
0.0581492
0.0641006
0.070444
0.070444
0.070444
0.070444
0.070444
0.070444
0.070444
0.070444
0.070444
0.070444
0.070444
0.070444
0.070444
0.070444
0.070444
0.070444
0.070444
0.070444
0.070444
0.070444
0.070444
0.070444
0.070444
0.070444
0.070444
0.070444
0.070444
0.070444
0.070444
0.070444
0.070444
0.070444
0.070444
0.070444
0.070444
0.070444
0.070444
0.070444
0.070444
0.070444
0.070444
0.070444
0.001
0.00306978
0.00528383
0.0076519
0.0101844
0.0128922
0.0157872
0.0188816
0.0221886
0.0257222
0.0294971
0.0335289
0.037834
0.0424297
0.0473345
0.0525676
0.0581492
0.0641006
0.070444
0.0772029
0.0772029
0.0772029
0.0772029
0.0772029
0.0772029
0.0772029
0.0772029
0.0772029
0.0772029
0.0772029
0.0772029
0.0772029
0.0772029
0.0772029
0.0772029
0.0772029
0.0772029
0.0772029
0.0772029
0.0772029
0.0772029
0.0772029
0.0772029
0.0772029
0.0772029
0.0772029
0.0772029
0.0772029
0.0772029
0.0772029
0.0772029
0.0772029
0.0772029
0.0772029
0.0772029
0.0772029
0.0772029
0.0772029
0.0772029
0.0772029
0.001
0.00306978
0.00528383
0.0076519
0.0101844
0.0128922
0.0157872
0.0188816
0.0221886
0.0257222
0.0294971
0.0335289
0.037834
0.0424297
0.0473345
0.0525676
0.0581492
0.0641006
0.070444
0.0772029
0.0844015
0.0844015
0.0844015
0.0844015
0.0844015
0.0844015
0.0844015
0.0844015
0.0844015
0.0844015
0.0844015
0.0844015
0.0844015
0.0844015
0.0844015
0.0844015
0.0844015
0.0844015
0.0844015
0.0844015
0.0844015
0.0844015
0.0844015
0.0844015
0.0844015
0.0844015
0.0844015
0.0844015
0.0844015
0.0844015
0.0844015
0.0844015
0.0844015
0.0844015
0.0844015
0.0844015
0.0844015
0.0844015
0.0844015
0.0844015
0.001
0.00306978
0.00528383
0.0076519
0.0101844
0.0128922
0.0157872
0.0188816
0.0221886
0.0257222
0.0294971
0.0335289
0.037834
0.0424297
0.0473345
0.0525676
0.0581492
0.0641006
0.070444
0.0772029
0.0844015
0.0920651
0.0920651
0.0920651
0.0920651
0.0920651
0.0920651
0.0920651
0.0920651
0.0920651
0.0920651
0.0920651
0.0920651
0.0920651
0.0920651
0.0920651
0.0920651
0.0920651
0.0920651
0.0920651
0.0920651
0.0920651
0.0920651
0.0920651
0.0920651
0.0920651
0.0920651
0.0920651
0.0920651
0.0920651
0.0920651
0.0920651
0.0920651
0.0920651
0.0920651
0.0920651
0.0920651
0.0920651
0.0920651
0.0920651
0.001
0.00306978
0.00528383
0.0076519
0.0101844
0.0128922
0.0157872
0.0188816
0.0221886
0.0257222
0.0294971
0.0335289
0.037834
0.0424297
0.0473345
0.0525676
0.0581492
0.0641006
0.070444
0.0772029
0.0844015
0.0920651
0.10022
0.10022
0.10022
0.10022
0.10022
0.10022
0.10022
0.10022
0.10022
0.10022
0.10022
0.10022
0.10022
0.10022
0.10022
0.10022
0.10022
0.10022
0.10022
0.10022
0.10022
0.10022
0.10022
0.10022
0.10022
0.10022
0.10022
0.10022
0.10022
0.10022
0.10022
0.10022
0.10022
0.10022
0.10022
0.10022
0.10022
0.10022
0.001
0.00306978
0.00528383
0.0076519
0.0101844
0.0128922
0.0157872
0.0188816
0.0221886
0.0257222
0.0294971
0.0335289
0.037834
0.0424297
0.0473345
0.0525676
0.0581492
0.0641006
0.070444
0.0772029
0.0844015
0.0920651
0.10022
0.108894
0.108894
0.108894
0.108894
0.108894
0.108894
0.108894
0.108894
0.108894
0.108894
0.108894
0.108894
0.108894
0.108894
0.108894
0.108894
0.108894
0.108894
0.108894
0.108894
0.108894
0.108894
0.108894
0.108894
0.108894
0.108894
0.108894
0.108894
0.108894
0.108894
0.108894
0.108894
0.108894
0.108894
0.108894
0.108894
0.108894
0.001
0.00306978
0.00528383
0.0076519
0.0101844
0.0128922
0.0157872
0.0188816
0.0221886
0.0257222
0.0294971
0.0335289
0.037834
0.0424297
0.0473345
0.0525676
0.0581492
0.0641006
0.070444
0.0772029
0.0844015
0.0920651
0.10022
0.108894
0.118116
0.118116
0.118116
0.118116
0.118116
0.118116
0.118116
0.118116
0.118116
0.118116
0.118116
0.118116
0.118116
0.118116
0.118116
0.118116
0.118116
0.118116
0.118116
0.118116
0.118116
0.118116
0.118116
0.118116
0.118116
0.118116
0.118116
0.118116
0.118116
0.118116
0.118116
0.118116
0.118116
0.118116
0.118116
0.118116
0.001
0.00306978
0.00528383
0.0076519
0.0101844
0.0128922
0.0157872
0.0188816
0.0221886
0.0257222
0.0294971
0.0335289
0.037834
0.0424297
0.0473345
0.0525676
0.0581492
0.0641006
0.070444
0.0772029
0.0844015
0.0920651
0.10022
0.108894
0.118116
0.127913
0.127913
0.127913
0.127913
0.127913
0.127913
0.127913
0.127913
0.127913
0.127913
0.127913
0.127913
0.127913
0.127913
0.127913
0.127913
0.127913
0.127913
0.127913
0.127913
0.127913
0.127913
0.127913
0.127913
0.127913
0.127913
0.127913
0.127913
0.127913
0.127913
0.127913
0.127913
0.127913
0.127913
0.127913
0.001
0.00306978
0.00528383
0.0076519
0.0101844
0.0128922
0.0157872
0.0188816
0.0221886
0.0257222
0.0294971
0.0335289
0.037834
0.0424297
0.0473345
0.0525676
0.0581492
0.0641006
0.070444
0.0772029
0.0844015
0.0920651
0.10022
0.108894
0.118116
0.127913
0.138317
0.138317
0.138317
0.138317
0.138317
0.138317
0.138317
0.138317
0.138317
0.138317
0.138317
0.138317
0.138317
0.138317
0.138317
0.138317
0.138317
0.138317
0.138317
0.138317
0.138317
0.138317
0.138317
0.138317
0.138317
0.138317
0.138317
0.138317
0.138317
0.138317
0.138317
0.138317
0.138317
0.138317
0.001
0.00306978
0.00528383
0.0076519
0.0101844
0.0128922
0.0157872
0.0188816
0.0221886
0.0257222
0.0294971
0.0335289
0.037834
0.0424297
0.0473345
0.0525676
0.0581492
0.0641006
0.070444
0.0772029
0.0844015
0.0920651
0.10022
0.108894
0.118116
0.127913
0.138317
0.149358
0.149358
0.149358
0.149358
0.149358
0.149358
0.149358
0.149358
0.149358
0.149358
0.149358
0.149358
0.149358
0.149358
0.149358
0.149358
0.149358
0.149358
0.149358
0.149358
0.149358
0.149358
0.149358
0.149358
0.149358
0.149358
0.149358
0.149358
0.149358
0.149358
0.149358
0.149358
0.149358
0.001
0.00306978
0.00528383
0.0076519
0.0101844
0.0128922
0.0157872
0.0188816
0.0221886
0.0257222
0.0294971
0.0335289
0.037834
0.0424297
0.0473345
0.0525676
0.0581492
0.0641006
0.070444
0.0772029
0.0844015
0.0920651
0.10022
0.108894
0.118116
0.127913
0.138317
0.149358
0.161068
0.161068
0.161068
0.161068
0.161068
0.161068
0.161068
0.161068
0.161068
0.161068
0.161068
0.161068
0.161068
0.161068
0.161068
0.161068
0.161068
0.161068
0.161068
0.161068
0.161068
0.161068
0.161068
0.161068
0.161068
0.161068
0.161068
0.161068
0.161068
0.161068
0.161068
0.161068
0.001
0.00306978
0.00528383
0.0076519
0.0101844
0.0128922
0.0157872
0.0188816
0.0221886
0.0257222
0.0294971
0.0335289
0.037834
0.0424297
0.0473345
0.0525676
0.0581492
0.0641006
0.070444
0.0772029
0.0844015
0.0920651
0.10022
0.108894
0.118116
0.127913
0.138317
0.149358
0.161068
0.173479
0.173479
0.173479
0.173479
0.173479
0.173479
0.173479
0.173479
0.173479
0.173479
0.173479
0.173479
0.173479
0.173479
0.173479
0.173479
0.173479
0.173479
0.173479
0.173479
0.173479
0.173479
0.173479
0.173479
0.173479
0.173479
0.173479
0.173479
0.173479
0.173479
0.173479
0.001
0.00306978
0.00528383
0.0076519
0.0101844
0.0128922
0.0157872
0.0188816
0.0221886
0.0257222
0.0294971
0.0335289
0.037834
0.0424297
0.0473345
0.0525676
0.0581492
0.0641006
0.070444
0.0772029
0.0844015
0.0920651
0.10022
0.108894
0.118116
0.127913
0.138317
0.149358
0.161068
0.173479
0.186622
0.186622
0.186622
0.186622
0.186622
0.186622
0.186622
0.186622
0.186622
0.186622
0.186622
0.186622
0.186622
0.186622
0.186622
0.186622
0.186622
0.186622
0.186622
0.186622
0.186622
0.186622
0.186622
0.186622
0.186622
0.186622
0.186622
0.186622
0.186622
0.186622
0.001
0.00306978
0.00528383
0.0076519
0.0101844
0.0128922
0.0157872
0.0188816
0.0221886
0.0257222
0.0294971
0.0335289
0.037834
0.0424297
0.0473345
0.0525676
0.0581492
0.0641006
0.070444
0.0772029
0.0844015
0.0920651
0.10022
0.108894
0.118116
0.127913
0.138317
0.149358
0.161068
0.173479
0.186622
0.200531
0.200531
0.200531
0.200531
0.200531
0.200531
0.200531
0.200531
0.200531
0.200531
0.200531
0.200531
0.200531
0.200531
0.200531
0.200531
0.200531
0.200531
0.200531
0.200531
0.200531
0.200531
0.200531
0.200531
0.200531
0.200531
0.200531
0.200531
0.200531
0.001
0.00306978
0.00528383
0.0076519
0.0101844
0.0128922
0.0157872
0.0188816
0.0221886
0.0257222
0.0294971
0.0335289
0.037834
0.0424297
0.0473345
0.0525676
0.0581492
0.0641006
0.070444
0.0772029
0.0844015
0.0920651
0.10022
0.108894
0.118116
0.127913
0.138317
0.149358
0.161068
0.173479
0.186622
0.200531
0.215238
0.215238
0.215238
0.215238
0.215238
0.215238
0.215238
0.215238
0.215238
0.215238
0.215238
0.215238
0.215238
0.215238
0.215238
0.215238
0.215238
0.215238
0.215238
0.215238
0.215238
0.215238
0.215238
0.215238
0.215238
0.215238
0.215238
0.215238
0.001
0.00306978
0.00528383
0.0076519
0.0101844
0.0128922
0.0157872
0.0188816
0.0221886
0.0257222
0.0294971
0.0335289
0.037834
0.0424297
0.0473345
0.0525676
0.0581492
0.0641006
0.070444
0.0772029
0.0844015
0.0920651
0.10022
0.108894
0.118116
0.127913
0.138317
0.149358
0.161068
0.173479
0.186622
0.200531
0.215238
0.230775
0.230775
0.230775
0.230775
0.230775
0.230775
0.230775
0.230775
0.230775
0.230775
0.230775
0.230775
0.230775
0.230775
0.230775
0.230775
0.230775
0.230775
0.230775
0.230775
0.230775
0.230775
0.230775
0.230775
0.230775
0.230775
0.230775
0.001
0.00306978
0.00528383
0.0076519
0.0101844
0.0128922
0.0157872
0.0188816
0.0221886
0.0257222
0.0294971
0.0335289
0.037834
0.0424297
0.0473345
0.0525676
0.0581492
0.0641006
0.070444
0.0772029
0.0844015
0.0920651
0.10022
0.108894
0.118116
0.127913
0.138317
0.149358
0.161068
0.173479
0.186622
0.200531
0.215238
0.230775
0.247175
0.247175
0.247175
0.247175
0.247175
0.247175
0.247175
0.247175
0.247175
0.247175
0.247175
0.247175
0.247175
0.247175
0.247175
0.247175
0.247175
0.247175
0.247175
0.247175
0.247175
0.247175
0.247175
0.247175
0.247175
0.247175
0.001
0.00306978
0.00528383
0.0076519
0.0101844
0.0128922
0.0157872
0.0188816
0.0221886
0.0257222
0.0294971
0.0335289
0.037834
0.0424297
0.0473345
0.0525676
0.0581492
0.0641006
0.070444
0.0772029
0.0844015
0.0920651
0.10022
0.108894
0.118116
0.127913
0.138317
0.149358
0.161068
0.173479
0.186622
0.200531
0.215238
0.230775
0.247175
0.264469
0.264469
0.264469
0.264469
0.264469
0.264469
0.264469
0.264469
0.264469
0.264469
0.264469
0.264469
0.264469
0.264469
0.264469
0.264469
0.264469
0.264469
0.264469
0.264469
0.264469
0.264469
0.264469
0.264469
0.264469
0.001
0.00306978
0.00528383
0.0076519
0.0101844
0.0128922
0.0157872
0.0188816
0.0221886
0.0257222
0.0294971
0.0335289
0.037834
0.0424297
0.0473345
0.0525676
0.0581492
0.0641006
0.070444
0.0772029
0.0844015
0.0920651
0.10022
0.108894
0.118116
0.127913
0.138317
0.149358
0.161068
0.173479
0.186622
0.200531
0.215238
0.230775
0.247175
0.264469
0.282686
0.282686
0.282686
0.282686
0.282686
0.282686
0.282686
0.282686
0.282686
0.282686
0.282686
0.282686
0.282686
0.282686
0.282686
0.282686
0.282686
0.282686
0.282686
0.282686
0.282686
0.282686
0.282686
0.282686
0.001
0.00306978
0.00528383
0.0076519
0.0101844
0.0128922
0.0157872
0.0188816
0.0221886
0.0257222
0.0294971
0.0335289
0.037834
0.0424297
0.0473345
0.0525676
0.0581492
0.0641006
0.070444
0.0772029
0.0844015
0.0920651
0.10022
0.108894
0.118116
0.127913
0.138317
0.149358
0.161068
0.173479
0.186622
0.200531
0.215238
0.230775
0.247175
0.264469
0.282686
0.301857
0.301857
0.301857
0.301857
0.301857
0.301857
0.301857
0.301857
0.301857
0.301857
0.301857
0.301857
0.301857
0.301857
0.301857
0.301857
0.301857
0.301857
0.301857
0.301857
0.301857
0.301857
0.301857
0.001
0.00306978
0.00528383
0.0076519
0.0101844
0.0128922
0.0157872
0.0188816
0.0221886
0.0257222
0.0294971
0.0335289
0.037834
0.0424297
0.0473345
0.0525676
0.0581492
0.0641006
0.070444
0.0772029
0.0844015
0.0920651
0.10022
0.108894
0.118116
0.127913
0.138317
0.149358
0.161068
0.173479
0.186622
0.200531
0.215238
0.230775
0.247175
0.264469
0.282686
0.301857
0.322007
0.322007
0.322007
0.322007
0.322007
0.322007
0.322007
0.322007
0.322007
0.322007
0.322007
0.322007
0.322007
0.322007
0.322007
0.322007
0.322007
0.322007
0.322007
0.322007
0.322007
0.322007
0.001
0.00306978
0.00528383
0.0076519
0.0101844
0.0128922
0.0157872
0.0188816
0.0221886
0.0257222
0.0294971
0.0335289
0.037834
0.0424297
0.0473345
0.0525676
0.0581492
0.0641006
0.070444
0.0772029
0.0844015
0.0920651
0.10022
0.108894
0.118116
0.127913
0.138317
0.149358
0.161068
0.173479
0.186622
0.200531
0.215238
0.230775
0.247175
0.264469
0.282686
0.301857
0.322007
0.343162
0.343162
0.343162
0.343162
0.343162
0.343162
0.343162
0.343162
0.343162
0.343162
0.343162
0.343162
0.343162
0.343162
0.343162
0.343162
0.343162
0.343162
0.343162
0.343162
0.343162
0.001
0.00306978
0.00528383
0.0076519
0.0101844
0.0128922
0.0157872
0.0188816
0.0221886
0.0257222
0.0294971
0.0335289
0.037834
0.0424297
0.0473345
0.0525676
0.0581492
0.0641006
0.070444
0.0772029
0.0844015
0.0920651
0.10022
0.108894
0.118116
0.127913
0.138317
0.149358
0.161068
0.173479
0.186622
0.200531
0.215238
0.230775
0.247175
0.264469
0.282686
0.301857
0.322007
0.343162
0.365344
0.365344
0.365344
0.365344
0.365344
0.365344
0.365344
0.365344
0.365344
0.365344
0.365344
0.365344
0.365344
0.365344
0.365344
0.365344
0.365344
0.365344
0.365344
0.365344
0.001
0.00306978
0.00528383
0.0076519
0.0101844
0.0128922
0.0157872
0.0188816
0.0221886
0.0257222
0.0294971
0.0335289
0.037834
0.0424297
0.0473345
0.0525676
0.0581492
0.0641006
0.070444
0.0772029
0.0844015
0.0920651
0.10022
0.108894
0.118116
0.127913
0.138317
0.149358
0.161068
0.173479
0.186622
0.200531
0.215238
0.230775
0.247175
0.264469
0.282686
0.301857
0.322007
0.343162
0.365344
0.388574
0.388574
0.388574
0.388574
0.388574
0.388574
0.388574
0.388574
0.388574
0.388574
0.388574
0.388574
0.388574
0.388574
0.388574
0.388574
0.388574
0.388574
0.388574
0.001
0.00306978
0.00528383
0.0076519
0.0101844
0.0128922
0.0157872
0.0188816
0.0221886
0.0257222
0.0294971
0.0335289
0.037834
0.0424297
0.0473345
0.0525676
0.0581492
0.0641006
0.070444
0.0772029
0.0844015
0.0920651
0.10022
0.108894
0.118116
0.127913
0.138317
0.149358
0.161068
0.173479
0.186622
0.200531
0.215238
0.230775
0.247175
0.264469
0.282686
0.301857
0.322007
0.343162
0.365344
0.388574
0.412867
0.412867
0.412867
0.412867
0.412867
0.412867
0.412867
0.412867
0.412867
0.412867
0.412867
0.412867
0.412867
0.412867
0.412867
0.412867
0.412867
0.412867
0.001
0.00306978
0.00528383
0.0076519
0.0101844
0.0128922
0.0157872
0.0188816
0.0221886
0.0257222
0.0294971
0.0335289
0.037834
0.0424297
0.0473345
0.0525676
0.0581492
0.0641006
0.070444
0.0772029
0.0844015
0.0920651
0.10022
0.108894
0.118116
0.127913
0.138317
0.149358
0.161068
0.173479
0.186622
0.200531
0.215238
0.230775
0.247175
0.264469
0.282686
0.301857
0.322007
0.343162
0.365344
0.388574
0.412867
0.438236
0.438236
0.438236
0.438236
0.438236
0.438236
0.438236
0.438236
0.438236
0.438236
0.438236
0.438236
0.438236
0.438236
0.438236
0.438236
0.438236
0.001
0.00306978
0.00528383
0.0076519
0.0101844
0.0128922
0.0157872
0.0188816
0.0221886
0.0257222
0.0294971
0.0335289
0.037834
0.0424297
0.0473345
0.0525676
0.0581492
0.0641006
0.070444
0.0772029
0.0844015
0.0920651
0.10022
0.108894
0.118116
0.127913
0.138317
0.149358
0.161068
0.173479
0.186622
0.200531
0.215238
0.230775
0.247175
0.264469
0.282686
0.301857
0.322007
0.343162
0.365344
0.388574
0.412867
0.438236
0.46469
0.46469
0.46469
0.46469
0.46469
0.46469
0.46469
0.46469
0.46469
0.46469
0.46469
0.46469
0.46469
0.46469
0.46469
0.46469
0.001
0.00306978
0.00528383
0.0076519
0.0101844
0.0128922
0.0157872
0.0188816
0.0221886
0.0257222
0.0294971
0.0335289
0.037834
0.0424297
0.0473345
0.0525676
0.0581492
0.0641006
0.070444
0.0772029
0.0844015
0.0920651
0.10022
0.108894
0.118116
0.127913
0.138317
0.149358
0.161068
0.173479
0.186622
0.200531
0.215238
0.230775
0.247175
0.264469
0.282686
0.301857
0.322007
0.343162
0.365344
0.388574
0.412867
0.438236
0.46469
0.492232
0.492232
0.492232
0.492232
0.492232
0.492232
0.492232
0.492232
0.492232
0.492232
0.492232
0.492232
0.492232
0.492232
0.492232
0.001
0.00306978
0.00528383
0.0076519
0.0101844
0.0128922
0.0157872
0.0188816
0.0221886
0.0257222
0.0294971
0.0335289
0.037834
0.0424297
0.0473345
0.0525676
0.0581492
0.0641006
0.070444
0.0772029
0.0844015
0.0920651
0.10022
0.108894
0.118116
0.127913
0.138317
0.149358
0.161068
0.173479
0.186622
0.200531
0.215238
0.230775
0.247175
0.264469
0.282686
0.301857
0.322007
0.343162
0.365344
0.388574
0.412867
0.438236
0.46469
0.492232
0.52086
0.52086
0.52086
0.52086
0.52086
0.52086
0.52086
0.52086
0.52086
0.52086
0.52086
0.52086
0.52086
0.52086
0.001
0.00306978
0.00528383
0.0076519
0.0101844
0.0128922
0.0157872
0.0188816
0.0221886
0.0257222
0.0294971
0.0335289
0.037834
0.0424297
0.0473345
0.0525676
0.0581492
0.0641006
0.070444
0.0772029
0.0844015
0.0920651
0.10022
0.108894
0.118116
0.127913
0.138317
0.149358
0.161068
0.173479
0.186622
0.200531
0.215238
0.230775
0.247175
0.264469
0.282686
0.301857
0.322007
0.343162
0.365344
0.388574
0.412867
0.438236
0.46469
0.492232
0.52086
0.550568
0.550568
0.550568
0.550568
0.550568
0.550568
0.550568
0.550568
0.550568
0.550568
0.550568
0.550568
0.550568
0.001
0.00306978
0.00528383
0.0076519
0.0101844
0.0128922
0.0157872
0.0188816
0.0221886
0.0257222
0.0294971
0.0335289
0.037834
0.0424297
0.0473345
0.0525676
0.0581492
0.0641006
0.070444
0.0772029
0.0844015
0.0920651
0.10022
0.108894
0.118116
0.127913
0.138317
0.149358
0.161068
0.173479
0.186622
0.200531
0.215238
0.230775
0.247175
0.264469
0.282686
0.301857
0.322007
0.343162
0.365344
0.388574
0.412867
0.438236
0.46469
0.492232
0.52086
0.550568
0.581342
0.581342
0.581342
0.581342
0.581342
0.581342
0.581342
0.581342
0.581342
0.581342
0.581342
0.581342
0.001
0.00306978
0.00528383
0.0076519
0.0101844
0.0128922
0.0157872
0.0188816
0.0221886
0.0257222
0.0294971
0.0335289
0.037834
0.0424297
0.0473345
0.0525676
0.0581492
0.0641006
0.070444
0.0772029
0.0844015
0.0920651
0.10022
0.108894
0.118116
0.127913
0.138317
0.149358
0.161068
0.173479
0.186622
0.200531
0.215238
0.230775
0.247175
0.264469
0.282686
0.301857
0.322007
0.343162
0.365344
0.388574
0.412867
0.438236
0.46469
0.492232
0.52086
0.550568
0.581342
0.613164
0.613164
0.613164
0.613164
0.613164
0.613164
0.613164
0.613164
0.613164
0.613164
0.613164
0.001
0.00306978
0.00528383
0.0076519
0.0101844
0.0128922
0.0157872
0.0188816
0.0221886
0.0257222
0.0294971
0.0335289
0.037834
0.0424297
0.0473345
0.0525676
0.0581492
0.0641006
0.070444
0.0772029
0.0844015
0.0920651
0.10022
0.108894
0.118116
0.127913
0.138317
0.149358
0.161068
0.173479
0.186622
0.200531
0.215238
0.230775
0.247175
0.264469
0.282686
0.301857
0.322007
0.343162
0.365344
0.388574
0.412867
0.438236
0.46469
0.492232
0.52086
0.550568
0.581342
0.613164
0.646007
0.646007
0.646007
0.646007
0.646007
0.646007
0.646007
0.646007
0.646007
0.646007
0.001
0.00306978
0.00528383
0.0076519
0.0101844
0.0128922
0.0157872
0.0188816
0.0221886
0.0257222
0.0294971
0.0335289
0.037834
0.0424297
0.0473345
0.0525676
0.0581492
0.0641006
0.070444
0.0772029
0.0844015
0.0920651
0.10022
0.108894
0.118116
0.127913
0.138317
0.149358
0.161068
0.173479
0.186622
0.200531
0.215238
0.230775
0.247175
0.264469
0.282686
0.301857
0.322007
0.343162
0.365344
0.388574
0.412867
0.438236
0.46469
0.492232
0.52086
0.550568
0.581342
0.613164
0.646007
0.67984
0.67984
0.67984
0.67984
0.67984
0.67984
0.67984
0.67984
0.67984
0.001
0.00306978
0.00528383
0.0076519
0.0101844
0.0128922
0.0157872
0.0188816
0.0221886
0.0257222
0.0294971
0.0335289
0.037834
0.0424297
0.0473345
0.0525676
0.0581492
0.0641006
0.070444
0.0772029
0.0844015
0.0920651
0.10022
0.108894
0.118116
0.127913
0.138317
0.149358
0.161068
0.173479
0.186622
0.200531
0.215238
0.230775
0.247175
0.264469
0.282686
0.301857
0.322007
0.343162
0.365344
0.388574
0.412867
0.438236
0.46469
0.492232
0.52086
0.550568
0.581342
0.613164
0.646007
0.67984
0.714623
0.714623
0.714623
0.714623
0.714623
0.714623
0.714623
0.714623
0.001
0.00306978
0.00528383
0.0076519
0.0101844
0.0128922
0.0157872
0.0188816
0.0221886
0.0257222
0.0294971
0.0335289
0.037834
0.0424297
0.0473345
0.0525676
0.0581492
0.0641006
0.070444
0.0772029
0.0844015
0.0920651
0.10022
0.108894
0.118116
0.127913
0.138317
0.149358
0.161068
0.173479
0.186622
0.200531
0.215238
0.230775
0.247175
0.264469
0.282686
0.301857
0.322007
0.343162
0.365344
0.388574
0.412867
0.438236
0.46469
0.492232
0.52086
0.550568
0.581342
0.613164
0.646007
0.67984
0.714623
0.75031
0.75031
0.75031
0.75031
0.75031
0.75031
0.75031
0.001
0.00306978
0.00528383
0.0076519
0.0101844
0.0128922
0.0157872
0.0188816
0.0221886
0.0257222
0.0294971
0.0335289
0.037834
0.0424297
0.0473345
0.0525676
0.0581492
0.0641006
0.070444
0.0772029
0.0844015
0.0920651
0.10022
0.108894
0.118116
0.127913
0.138317
0.149358
0.161068
0.173479
0.186622
0.200531
0.215238
0.230775
0.247175
0.264469
0.282686
0.301857
0.322007
0.343162
0.365344
0.388574
0.412867
0.438236
0.46469
0.492232
0.52086
0.550568
0.581342
0.613164
0.646007
0.67984
0.714623
0.75031
0.786848
0.786848
0.786848
0.786848
0.786848
0.786848
0.001
0.00306978
0.00528383
0.0076519
0.0101844
0.0128922
0.0157872
0.0188816
0.0221886
0.0257222
0.0294971
0.0335289
0.037834
0.0424297
0.0473345
0.0525676
0.0581492
0.0641006
0.070444
0.0772029
0.0844015
0.0920651
0.10022
0.108894
0.118116
0.127913
0.138317
0.149358
0.161068
0.173479
0.186622
0.200531
0.215238
0.230775
0.247175
0.264469
0.282686
0.301857
0.322007
0.343162
0.365344
0.388574
0.412867
0.438236
0.46469
0.492232
0.52086
0.550568
0.581342
0.613164
0.646007
0.67984
0.714623
0.75031
0.786848
0.824178
0.824178
0.824178
0.824178
0.824178
0.001
0.00306978
0.00528383
0.0076519
0.0101844
0.0128922
0.0157872
0.0188816
0.0221886
0.0257222
0.0294971
0.0335289
0.037834
0.0424297
0.0473345
0.0525676
0.0581492
0.0641006
0.070444
0.0772029
0.0844015
0.0920651
0.10022
0.108894
0.118116
0.127913
0.138317
0.149358
0.161068
0.173479
0.186622
0.200531
0.215238
0.230775
0.247175
0.264469
0.282686
0.301857
0.322007
0.343162
0.365344
0.388574
0.412867
0.438236
0.46469
0.492232
0.52086
0.550568
0.581342
0.613164
0.646007
0.67984
0.714623
0.75031
0.786848
0.824178
0.862233
0.862233
0.862233
0.862233
0.001
0.00306978
0.00528383
0.0076519
0.0101844
0.0128922
0.0157872
0.0188816
0.0221886
0.0257222
0.0294971
0.0335289
0.037834
0.0424297
0.0473345
0.0525676
0.0581492
0.0641006
0.070444
0.0772029
0.0844015
0.0920651
0.10022
0.108894
0.118116
0.127913
0.138317
0.149358
0.161068
0.173479
0.186622
0.200531
0.215238
0.230775
0.247175
0.264469
0.282686
0.301857
0.322007
0.343162
0.365344
0.388574
0.412867
0.438236
0.46469
0.492232
0.52086
0.550568
0.581342
0.613164
0.646007
0.67984
0.714623
0.75031
0.786848
0.824178
0.862233
0.900941
0.900941
0.900941
0.001
0.00306978
0.00528383
0.0076519
0.0101844
0.0128922
0.0157872
0.0188816
0.0221886
0.0257222
0.0294971
0.0335289
0.037834
0.0424297
0.0473345
0.0525676
0.0581492
0.0641006
0.070444
0.0772029
0.0844015
0.0920651
0.10022
0.108894
0.118116
0.127913
0.138317
0.149358
0.161068
0.173479
0.186622
0.200531
0.215238
0.230775
0.247175
0.264469
0.282686
0.301857
0.322007
0.343162
0.365344
0.388574
0.412867
0.438236
0.46469
0.492232
0.52086
0.550568
0.581342
0.613164
0.646007
0.67984
0.714623
0.75031
0.786848
0.824178
0.862233
0.900941
0.940225
0.940225
0.001
0.00306978
0.00528383
0.0076519
0.0101844
0.0128922
0.0157872
0.0188816
0.0221886
0.0257222
0.0294971
0.0335289
0.037834
0.0424297
0.0473345
0.0525676
0.0581492
0.0641006
0.070444
0.0772029
0.0844015
0.0920651
0.10022
0.108894
0.118116
0.127913
0.138317
0.149358
0.161068
0.173479
0.186622
0.200531
0.215238
0.230775
0.247175
0.264469
0.282686
0.301857
0.322007
0.343162
0.365344
0.388574
0.412867
0.438236
0.46469
0.492232
0.52086
0.550568
0.581342
0.613164
0.646007
0.67984
0.714623
0.75031
0.786848
0.824178
0.862233
0.900941
0.940225
0.98
)
;

boundaryField
{
    symmetry1
    {
        type            symmetryPlane;
    }
    symmetry2
    {
        type            symmetryPlane;
    }
    wall
    {
        type            calculated;
        value           uniform 1e-15;
    }
    left
    {
        type            cyclic;
    }
    right
    {
        type            cyclic;
    }
}


// ************************************************************************* //
