/*--------------------------------*- C++ -*----------------------------------*\
| =========                 |                                                 |
| \\      /  F ield         | OpenFOAM: The Open Source CFD Toolbox           |
|  \\    /   O peration     | Version:  2212                                  |
|   \\  /    A nd           | Website:  www.openfoam.com                      |
|    \\/     M anipulation  |                                                 |
\*---------------------------------------------------------------------------*/
FoamFile
{
    version     2.0;
    format      ascii;
    arch        "LSB;label=32;scalar=64";
    class       volScalarField;
    location    "1";
    object      p;
}
// * * * * * * * * * * * * * * * * * * * * * * * * * * * * * * * * * * * * * //

dimensions      [0 2 -2 0 0 0 0];

internalField   nonuniform List<scalar> 
3600
(
4.82627e-08
8.24238e-08
-8.81646e-08
2.15357e-07
3.26035e-06
1.22425e-05
2.80921e-05
4.83774e-05
7.06193e-05
9.1718e-05
0.000109853
0.000123719
0.00013308
0.00013807
0.00013924
0.000137164
0.000132425
0.000125482
0.000116686
0.000106511
9.52153e-05
8.23451e-05
6.78208e-05
5.15917e-05
3.35984e-05
1.37558e-05
-8.03199e-06
-3.18806e-05
-5.78966e-05
-8.61837e-05
-0.000116845
-0.000149979
-0.000185664
-0.000223979
-0.000264971
-0.000308581
-0.000354716
-0.000403131
-0.000453653
-0.000505952
-0.000559758
-0.000614716
-0.000670596
-0.000727184
-0.000784476
-0.000842475
-0.000901216
-0.00096092
-0.00102195
-0.00108467
-0.00114965
-0.00121774
-0.00128978
-0.00136689
-0.00144983
-0.00153889
-0.0016321
-0.00172365
-0.00180107
-0.0018473
8.23448e-08
2.97033e-07
3.60361e-07
7.93188e-07
3.62944e-06
1.18866e-05
2.6396e-05
4.49526e-05
6.55562e-05
8.53749e-05
0.000102662
0.00011604
0.000125146
0.000129997
0.000131062
0.00012887
0.000123989
0.000116882
0.000107906
9.75201e-05
8.59806e-05
7.28825e-05
5.81583e-05
4.17551e-05
2.36127e-05
3.64562e-06
-1.82428e-05
-4.21693e-05
-6.82421e-05
-9.65668e-05
-0.000127249
-0.000160389
-0.000196066
-0.000234363
-0.00027533
-0.000318907
-0.000365007
-0.000413387
-0.000463874
-0.000516141
-0.000569919
-0.000624854
-0.000680716
-0.000737292
-0.000794578
-0.000852574
-0.000911317
-0.000971028
-0.00103207
-0.0010948
-0.0011598
-0.0012279
-0.00129994
-0.00137705
-0.00145996
-0.00154897
-0.00164208
-0.00173349
-0.00181075
-0.00185687
-8.82817e-08
3.60337e-07
1.05386e-07
-5.43161e-07
1.01713e-06
8.97436e-06
2.47511e-05
4.59123e-05
7.0564e-05
9.53394e-05
0.000118012
0.000136778
0.000151096
0.000160922
0.000166759
0.000169193
0.000168848
0.000166226
0.000161712
0.000155922
0.000149188
0.000140851
0.000130825
0.000119052
0.000105458
8.99443e-05
7.23969e-05
5.2681e-05
3.06698e-05
6.23669e-06
-2.07447e-05
-5.03969e-05
-8.28249e-05
-0.000118134
-0.000156392
-0.000197556
-0.000241542
-0.000288115
-0.000337089
-0.000388123
-0.000440934
-0.000495161
-0.000550562
-0.000606922
-0.000664237
-0.000722492
-0.000781763
-0.000842271
-0.000904387
-0.000968506
-0.00103524
-0.00110545
-0.00118004
-0.00126019
-0.00134669
-0.00143982
-0.00153746
-0.00163344
-0.0017146
-0.00176307
2.15288e-07
7.93222e-07
-5.43101e-07
-3.5069e-06
-4.47551e-07
1.94439e-05
5.61825e-05
0.000102255
0.000152565
0.000201882
0.000247465
0.000287411
0.000321337
0.000349386
0.000372269
0.000390768
0.000405679
0.000417629
0.00042709
0.000434272
0.000439201
0.000442109
0.00044296
0.00044173
0.000438336
0.000432666
0.000424588
0.000413944
0.000400585
0.000384354
0.000365095
0.000342655
0.000316891
0.000287667
0.000254891
0.00021859
0.000178845
0.000135893
8.99442e-05
4.13707e-05
-9.52223e-06
-6.23564e-05
-0.000116871
-0.000172846
-0.000230277
-0.00028911
-0.000349513
-0.000411703
-0.000476079
-0.000543093
-0.000613425
-0.000688018
-0.0007679
-0.000854353
-0.000948264
-0.0010499
-0.00115683
-0.00126211
-0.00135117
-0.00140433
3.26046e-06
3.62964e-06
1.01735e-06
-4.4741e-07
2.07827e-05
8.20426e-05
0.000168879
0.000258837
0.000347737
0.000431329
0.000507774
0.000575495
0.000634375
0.000684805
0.000727797
0.000764444
0.00079584
0.000822864
0.000846159
0.000865263
0.000879819
0.000891683
0.000900926
0.000907609
0.000911675
0.000913042
0.000911591
0.00090718
0.000899667
0.000888892
0.000874705
0.000856949
0.000835473
0.000810147
0.000780884
0.00074771
0.000710714
0.000670147
0.000626224
0.000579329
0.000529775
0.00047794
0.000424088
0.000368438
0.000310999
0.000251866
0.000190785
0.000127563
6.17812e-05
-7.05247e-06
-7.96534e-05
-0.000157004
-0.000240186
-0.000330514
-0.00042888
-0.000535438
-0.000647469
-0.000757521
-0.000850369
-0.000905605
1.22429e-05
1.18871e-05
8.97485e-06
1.94444e-05
8.20429e-05
0.000202221
0.000326382
0.00043188
0.000535455
0.000634198
0.000727253
0.000811886
0.000886806
0.000951469
0.00100644
0.00105279
0.00109185
0.00112487
0.00115284
0.00117634
0.00119578
0.00121193
0.00122491
0.00123484
0.00124176
0.00124563
0.0012464
0.00124397
0.00123823
0.00122905
0.0012163
0.00119984
0.00117953
0.00115528
0.00112702
0.00109478
0.00105865
0.00101888
0.000975689
0.000929451
0.000880467
0.000829105
0.000775624
0.000720239
0.000662967
0.000603918
0.000542816
0.000479485
0.000413503
0.000344373
0.000271385
0.000193571
0.000109871
1.90219e-05
-7.97844e-05
-0.000186549
-0.000298361
-0.000407658
-0.000499398
-0.000553777
2.80931e-05
2.63969e-05
2.4752e-05
5.61834e-05
0.00016888
0.000326382
0.000439799
0.000525602
0.000615813
0.000706659
0.000800323
0.000892376
0.000979303
0.00105797
0.00112689
0.00118582
0.00123547
0.00127698
0.00131158
0.00134082
0.00136586
0.00138658
0.00140335
0.00141643
0.00142598
0.00143209
0.00143478
0.00143401
0.00142973
0.00142184
0.00141024
0.00139482
0.00137548
0.00135211
0.00132469
0.00129325
0.00125788
0.00121881
0.00117628
0.00113063
0.00108218
0.00103126
0.000978135
0.000923019
0.000865944
0.000807009
0.000745955
0.000682602
0.00061654
0.000547265
0.000474081
0.000396048
0.000312136
0.000221145
0.000122365
1.59508e-05
-9.50099e-05
-0.000202892
-0.000292941
-0.000346098
4.83789e-05
4.49541e-05
4.59139e-05
0.000102257
0.000258838
0.000431881
0.000525602
0.000585843
0.000648048
0.000716935
0.000798221
0.000887707
0.000980547
0.0010711
0.00115525
0.00123042
0.00129567
0.00135116
0.0013977
0.00143652
0.00146883
0.00149529
0.00151661
0.00153328
0.00154566
0.00155402
0.00155848
0.00155914
0.00155601
0.00154904
0.00153822
0.00152345
0.00150467
0.00148183
0.00145492
0.00142399
0.00138913
0.00135057
0.00130854
0.00126339
0.00121539
0.00116488
0.00111212
0.00105731
0.0010005
0.00094178
0.000880913
0.000817713
0.000751793
0.000682646
0.0006096
0.000531757
0.000448133
0.000357618
0.00025963
0.000154504
4.5501e-05
-5.97637e-05
-0.000147018
-0.000198234
7.06215e-05
6.55583e-05
7.05662e-05
0.000152568
0.000347739
0.000535457
0.000615814
0.000648048
0.000676936
0.000714704
0.000771777
0.000846057
0.000932881
0.00102542
0.00111765
0.00120479
0.00128383
0.00135329
0.00141294
0.0014634
0.0015057
0.00154051
0.0015687
0.00159094
0.00160781
0.00161978
0.00162713
0.00163011
0.00162884
0.00162339
0.00161379
0.00160004
0.00158214
0.00156007
0.00153386
0.00150361
0.00146941
0.00143149
0.00139008
0.00134551
0.00129807
0.00124807
0.00119575
0.00114134
0.00108488
0.00102645
0.000965848
0.000902881
0.000837189
0.000768265
0.000695462
0.000617927
0.00053473
0.000444861
0.000347872
0.000244293
0.000137561
3.52613e-05
-4.88748e-05
-9.79619e-05
9.17208e-05
8.53776e-05
9.53421e-05
0.000201885
0.000431332
0.0006342
0.000706659
0.000716934
0.000714703
0.000718905
0.000745082
0.000794746
0.000865017
0.00094948
0.00104133
0.00113423
0.00122329
0.00130518
0.00137811
0.00144151
0.00149566
0.00154098
0.00157821
0.00160809
0.00163132
0.00164851
0.00166013
0.00166658
0.00166813
0.00166497
0.00165724
0.00164503
0.00162841
0.00160744
0.00158223
0.00155287
0.00151952
0.00148239
0.00144175
0.0013979
0.00135112
0.00130173
0.00124995
0.00119601
0.00113998
0.00108193
0.00102167
0.000959019
0.000893628
0.000825008
0.000752536
0.0006754
0.000592741
0.000503647
0.000407819
0.000305991
0.000201782
0.000102725
2.19604e-05
-2.48397e-05
0.000109857
0.000102666
0.000118015
0.000247469
0.000507777
0.000727256
0.000800323
0.00079822
0.000771775
0.000745081
0.0007385
0.000757909
0.000803242
0.000869802
0.00095136
0.0010412
0.00113327
0.00122271
0.00130608
0.00138136
0.00144763
0.00150461
0.00155254
0.00159192
0.0016234
0.00164761
0.00166515
0.00167653
0.00168215
0.00168235
0.00167738
0.00166746
0.00165274
0.00163339
0.00160958
0.00158147
0.00154927
0.00151318
0.0014735
0.00143055
0.00138459
0.00133595
0.00128483
0.00123149
0.00117599
0.0011184
0.00105857
0.000996321
0.000931304
0.000863064
0.000790999
0.000714342
0.000632306
0.000544087
0.000449549
0.000349639
0.000248162
0.000152577
7.53837e-05
3.09799e-05
0.000123723
0.000116044
0.000136782
0.000287416
0.0005755
0.000811888
0.000892376
0.000887705
0.000846055
0.000794744
0.000757908
0.000745912
0.000761993
0.000803902
0.000866912
0.000944992
0.00103195
0.00112211
0.00121079
0.00129456
0.00137117
0.00143927
0.0014983
0.00154822
0.00158933
0.00162211
0.00164712
0.00166491
0.00167596
0.00168073
0.00167958
0.00167284
0.00166079
0.0016437
0.00162184
0.00159543
0.00156473
0.00152999
0.00149155
0.00144972
0.00140477
0.00135705
0.00130674
0.00125413
0.00119927
0.00114226
0.00108295
0.00102119
0.00095663
0.00088885
0.000817271
0.000741175
0.000659849
0.00057261
0.000479496
0.000381681
0.000283155
0.000191271
0.000117832
7.59196e-05
0.000133085
0.000125151
0.000151101
0.000321342
0.000634379
0.000886808
0.000979303
0.000980545
0.000932878
0.000865013
0.000803239
0.000761992
0.000747965
0.000761725
0.000800555
0.00085979
0.000933935
0.00101734
0.00110478
0.00119182
0.00127504
0.00135195
0.00142098
0.00148128
0.00153255
0.00157489
0.00160859
0.00163412
0.00165193
0.00166253
0.00166636
0.00166384
0.00165536
0.0016413
0.00162204
0.00159787
0.00156915
0.00153615
0.00149928
0.00145884
0.00141515
0.00136854
0.00131922
0.00126749
0.00121343
0.00115711
0.00109843
0.00103726
0.000973266
0.000906031
0.000835028
0.00075958
0.000679063
0.000592919
0.000501379
0.000405854
0.000310514
0.000222562
0.000153046
0.000113703
0.000138075
0.000130002
0.000160927
0.00034939
0.000684808
0.000951471
0.00105797
0.0010711
0.00102541
0.000949476
0.000869798
0.0008039
0.000761724
0.00074681
0.000758705
0.000794476
0.000849825
0.000919783
0.000999256
0.00108345
0.00116819
0.00125004
0.00132643
0.00139559
0.00145643
0.00150843
0.00155145
0.00158565
0.00161133
0.00162893
0.00163888
0.00164166
0.00163775
0.0016276
0.00161172
0.00159044
0.00156425
0.00153348
0.00149856
0.00145986
0.00141772
0.00137248
0.00132437
0.00127371
0.0012206
0.00116512
0.00110721
0.00104675
0.000983434
0.000916842
0.000846514
0.000771817
0.000692219
0.000607303
0.00051751
0.000424494
0.000332592
0.000248798
0.000183359
0.000146647
0.000139244
0.000131066
0.000166764
0.000372273
0.0007278
0.00100644
0.00112689
0.00115524
0.00111765
0.00104132
0.000951356
0.000866909
0.000800553
0.000758704
0.000743317
0.000753378
0.000786065
0.00083747
0.000903139
0.000978476
0.00105909
0.001141
0.00122088
0.00129609
0.0013647
0.00142544
0.00147756
0.00152076
0.00155499
0.0015805
0.0015976
0.00160673
0.0016084
0.00160312
0.00159143
0.00157381
0.00155079
0.0015228
0.00149033
0.00145378
0.00141352
0.00136996
0.00132333
0.00127396
0.00122201
0.00116756
0.00111057
0.00105097
0.000988459
0.000922629
0.00085309
0.000779261
0.000700712
0.000617183
0.000529334
0.000439073
0.000350874
0.000271454
0.000210226
0.000176187
0.000137167
0.000128873
0.000169196
0.000390772
0.000764446
0.00105279
0.00118582
0.00123042
0.00120479
0.00113422
0.0010412
0.000944989
0.000859787
0.000794474
0.000753377
0.000737512
0.000745682
0.000775259
0.000822733
0.000884107
0.000955228
0.00103203
0.00111077
0.00118822
0.0012617
0.0013292
0.00138927
0.001441
0.00148387
0.00151775
0.00154274
0.0015591
0.00156728
0.00156777
0.00156117
0.00154802
0.00152891
0.00150435
0.00147489
0.00144099
0.00140305
0.00136153
0.00131669
0.00126889
0.00121832
0.00116512
0.00110923
0.00105065
0.000989095
0.000924175
0.000855564
0.000782755
0.000705418
0.000623465
0.000537791
0.000450555
0.000366326
0.000291486
0.000234577
0.000203233
0.000132425
0.00012399
0.000168848
0.000405682
0.000795844
0.00109185
0.00123547
0.00129567
0.00128383
0.00122329
0.00113327
0.00103195
0.000933931
0.000849822
0.000786063
0.000745681
0.000729192
0.000735374
0.000761836
0.000805426
0.000862551
0.000929424
0.00100229
0.00107763
0.0011523
0.00122365
0.00128957
0.00134849
0.00139934
0.00144148
0.00147462
0.00149876
0.00151419
0.00152131
0.00152069
0.00151286
0.00149847
0.0014781
0.00145231
0.00142163
0.00138653
0.00134747
0.00130479
0.00125888
0.00120997
0.00115823
0.00110363
0.00104623
0.000985786
0.000921939
0.000854411
0.000782792
0.000706863
0.000626726
0.000543495
0.000459581
0.000379584
0.000309515
0.000256998
0.000228354
0.000125483
0.000116882
0.000166227
0.000417629
0.000822862
0.00112486
0.00127697
0.00135116
0.00135329
0.00130518
0.0012227
0.00112211
0.00101734
0.00091978
0.000837467
0.000775258
0.000735374
0.000718064
0.000722162
0.000745512
0.000785283
0.000838224
0.000900873
0.000969746
0.00104152
0.00111316
0.00118204
0.001246
0.00130336
0.00135292
0.00139392
0.00142601
0.00144915
0.00146357
0.00146971
0.00146805
0.00145922
0.00144384
0.00142246
0.00139566
0.00136398
0.00132787
0.00128779
0.00124415
0.0011972
0.0011472
0.00109411
0.00103809
0.0009789
0.000916283
0.000849978
0.0007797
0.000705376
0.000627322
0.000546851
0.000466579
0.000391074
0.000325941
0.000277858
0.000251892
0.000116683
0.000107902
0.000161709
0.000427089
0.000846161
0.00115284
0.00131158
0.0013977
0.00141293
0.0013781
0.00130607
0.00121079
0.00110478
0.000999254
0.000903136
0.000822731
0.000761834
0.000722161
0.000703826
0.000705754
0.000726004
0.000762024
0.000810854
0.000869313
0.000934171
0.00100227
0.0010707
0.00113684
0.0011985
0.00125393
0.00130188
0.00134154
0.00137244
0.00139452
0.00140798
0.0014132
0.00141072
0.0014011
0.00138491
0.00136273
0.00133513
0.00130259
0.00126561
0.00122467
0.00118007
0.00113211
0.00108082
0.0010264
0.000968664
0.000907445
0.000842527
0.000773751
0.000701232
0.000625497
0.000548116
0.000471823
0.00040107
0.000341005
0.000297363
0.000274042
0.000106504
9.75134e-05
0.000155916
0.000434269
0.000865263
0.00117634
0.00134082
0.00143652
0.0014634
0.00144151
0.00138135
0.00129456
0.00119182
0.00108345
0.000978472
0.000884104
0.000805425
0.000745512
0.000705754
0.000686204
0.000685882
0.00070304
0.000735363
0.000780154
0.000834483
0.000895318
0.000959676
0.00102471
0.00108788
0.00114699
0.00120032
0.00124652
0.00128468
0.00131431
0.00133533
0.00134794
0.00135245
0.00134935
0.00133912
0.00132233
0.00129952
0.00127123
0.00123792
0.00120021
0.00115842
0.00111287
0.0010637
0.00101116
0.000955117
0.000895501
0.000832186
0.000765127
0.000694642
0.000621483
0.000547485
0.000475477
0.000409726
0.000354836
0.000315609
0.000294879
9.52076e-05
8.59729e-05
0.000149181
0.000439197
0.000879818
0.00119578
0.00136586
0.00146883
0.0015057
0.00149566
0.00144763
0.00137117
0.00127504
0.00116818
0.00105908
0.000955225
0.00086255
0.000785282
0.000726003
0.000685882
0.000664935
0.000662285
0.000676351
0.000705032
0.000745848
0.000796074
0.00085287
0.000913381
0.000974919
0.00103502
0.00109151
0.00114261
0.00118692
0.0012235
0.00125191
0.00127207
0.001284
0.00128804
0.00128448
0.00127383
0.00125654
0.00123323
0.00120428
0.00117036
0.0011319
0.0010892
0.00104256
0.000992231
0.00093817
0.000880424
0.000818959
0.00075389
0.000685722
0.000615451
0.000545127
0.000477656
0.000417106
0.000367455
0.000332592
0.00031438
8.23383e-05
7.28757e-05
0.000140845
0.000442105
0.000891682
0.00121193
0.00138658
0.00149529
0.00154051
0.00154098
0.00150461
0.00143927
0.00135195
0.00125003
0.001141
0.00103202
0.000929421
0.000838221
0.000762022
0.000703039
0.000662284
0.000639776
0.000634717
0.000645679
0.000670734
0.000707587
0.000753705
0.000806435
0.000863128
0.000921183
0.000978185
0.00103198
0.00108074
0.00112307
0.00115819
0.00118565
0.00120513
0.0012167
0.00122037
0.00121656
0.00120552
0.0011879
0.00116405
0.00113461
0.00110003
0.00106073
0.00101707
0.000969347
0.000917627
0.00086208
0.000802778
0.000740024
0.000674517
0.000607485
0.000541158
0.000478464
0.000423235
0.000378821
0.000348235
0.000332455
6.78133e-05
5.81507e-05
0.000130819
0.000442957
0.000900925
0.00122491
0.00140335
0.00151661
0.00156869
0.00157821
0.00155253
0.0014983
0.00142098
0.00132643
0.00122088
0.00111077
0.00100229
0.000900871
0.000810852
0.000735362
0.000676349
0.000634715
0.000610474
0.00060291
0.000610701
0.000632089
0.000664978
0.000707044
0.000755814
0.000808744
0.000863336
0.000917227
0.000968247
0.0010146
0.00105525
0.00108925
0.00111594
0.00113509
0.0011463
0.00114984
0.00114571
0.0011345
0.00111648
0.00109228
0.00106224
0.00102697
0.000986813
0.000942171
0.000893228
0.000840268
0.000783523
0.000723465
0.000661013
0.00059761
0.000535623
0.000477951
0.000428121
0.000388882
0.000362434
0.000348977
5.15846e-05
4.17479e-05
0.000119046
0.000441726
0.000907607
0.00123484
0.00141643
0.00153328
0.00159093
0.00160808
0.00159192
0.00154822
0.00148128
0.00139559
0.00129608
0.00118822
0.00107763
0.000969743
0.000869311
0.000780151
0.000705028
0.000645677
0.00060291
0.00057673
0.000566494
0.000571038
0.000588776
0.000617795
0.000655926
0.00070083
0.000750087
0.000801303
0.000851973
0.000900124
0.000944551
0.000983858
0.00101703
0.00104334
0.00106203
0.00107317
0.00107649
0.00107231
0.00106082
0.00104259
0.00101784
0.000987333
0.000951307
0.000910303
0.000864646
0.00081475
0.000761019
0.000704109
0.000645158
0.00058581
0.000528515
0.000476093
0.000431726
0.000397563
0.000375083
0.000363825
3.35896e-05
2.36039e-05
0.00010545
0.00043833
0.000911671
0.00124175
0.00142598
0.00154566
0.00160782
0.00163132
0.0016234
0.00158933
0.00153255
0.00145643
0.0013647
0.0012617
0.0011523
0.00104152
0.00093417
0.000834482
0.000745847
0.000670734
0.000610703
0.000566495
0.000538162
0.000525164
0.000526474
0.000540653
0.000565932
0.000600282
0.000641535
0.000687378
0.000735464
0.000783229
0.00082927
0.000871762
0.000909454
0.000941888
0.000967675
0.000986378
0.00099734
0.00100066
0.00099634
0.000984768
0.000966099
0.000941092
0.000909938
0.000873246
0.000831485
0.000785223
0.000735038
0.000681812
0.000626867
0.000572022
0.000519776
0.000472813
0.000433945
0.000404739
0.00038605
0.000376856
1.37447e-05
3.63458e-06
8.99345e-05
0.000432659
0.000913039
0.00124563
0.00143209
0.00155402
0.00161978
0.00164851
0.00164762
0.00162212
0.00157489
0.00150843
0.00142544
0.0013292
0.00122365
0.00111316
0.00100228
0.00089532
0.000796074
0.000707588
0.000632092
0.000571038
0.000525163
0.00049457
0.000478812
0.000476981
0.000487774
0.000509581
0.000540663
0.000579491
0.000621718
0.000665585
0.000710394
0.000754185
0.000795953
0.000833118
0.000864252
0.000889473
0.000907992
0.000919092
0.000922341
0.000918079
0.000906239
0.000887507
0.000862004
0.000830431
0.000793277
0.000751329
0.000705325
0.000656388
0.000606012
0.000556142
0.0005093
0.000467978
0.000434617
0.000410229
0.00039514
0.000387876
-8.04468e-06
-1.82555e-05
7.23856e-05
0.00042458
0.000911588
0.0012464
0.00143478
0.00155849
0.00162714
0.00166013
0.00166515
0.00164713
0.0016086
0.00155145
0.00147757
0.00138928
0.00128957
0.00118204
0.00107071
0.000959679
0.000852871
0.000753708
0.000664981
0.000588776
0.000526474
0.000478813
0.000445957
0.000427571
0.000422875
0.000430755
0.000450627
0.000478755
0.000509638
0.000546193
0.000587232
0.000630847
0.000675558
0.000716163
0.000753042
0.00078466
0.000809216
0.000827294
0.0008384
0.000841935
0.000837516
0.000825819
0.000806812
0.000781211
0.000749518
0.000712659
0.000671585
0.000627615
0.000582412
0.000538021
0.000496928
0.000461405
0.000433522
0.000413801
0.00040211
0.000396641
-3.18942e-05
-4.21829e-05
5.26694e-05
0.000413938
0.00090718
0.00124398
0.00143402
0.00155915
0.00163012
0.00166659
0.00167653
0.00166491
0.00163412
0.00158565
0.00152076
0.001441
0.0013485
0.00124601
0.00113685
0.00102472
0.000913386
0.000806441
0.000707048
0.000617795
0.000540655
0.000476983
0.000427572
0.000392682
0.000371994
0.000365393
0.000371556
0.000383906
0.000403238
0.000431524
0.000465711
0.000504441
0.000546051
0.000588678
0.000631671
0.000669938
0.000701752
0.000727288
0.000744861
0.00075583
0.000759424
0.000755412
0.000743698
0.000724933
0.000699632
0.000668749
0.000633451
0.00059521
0.000555837
0.000517441
0.000482441
0.000452857
0.000430402
0.000415181
0.00040668
0.000402874
-5.7903e-05
-6.82485e-05
3.06648e-05
0.000400583
0.000899667
0.00123823
0.00142973
0.00155601
0.00162884
0.00166814
0.00168215
0.00167597
0.00165195
0.00161135
0.00155501
0.00148389
0.00139936
0.00130337
0.00119851
0.00108788
0.000974925
0.000863135
0.000755821
0.000655932
0.000565938
0.000487778
0.000422877
0.000371995
0.000335579
0.000314044
0.000303039
0.000299735
0.000308055
0.000325783
0.000350803
0.000381933
0.000417624
0.000457275
0.000499102
0.000540967
0.000581676
0.000616238
0.000642606
0.000661366
0.000671575
0.000675706
0.00067209
0.000660966
0.000643015
0.000619095
0.000590497
0.000558825
0.000525991
0.000494125
0.000465552
0.000442043
0.000424951
0.000414056
0.000408541
0.000406275
-8.61917e-05
-9.65748e-05
6.23095e-06
0.000384353
0.000888896
0.00122906
0.00142185
0.00154906
0.0016234
0.00166499
0.00168236
0.00168074
0.00166255
0.00162894
0.00158051
0.00151778
0.0014415
0.00135293
0.00125395
0.001147
0.00103503
0.000921196
0.000808756
0.000700839
0.000600289
0.000509586
0.000430759
0.000365398
0.000314049
0.000275155
0.000245565
0.00022822
0.000223517
0.000229184
0.000243925
0.000266485
0.000295219
0.000328834
0.000366037
0.000406148
0.000447867
0.00048842
0.000526572
0.000555721
0.000576225
0.000587493
0.000591485
0.000588875
0.000579096
0.000563166
0.00054224
0.000518027
0.00049249
0.00046772
0.000445909
0.000428595
0.00041681
0.000410076
0.000407356
0.000406521
-0.000116852
-0.000127256
-2.07491e-05
0.000365097
0.000874712
0.00121631
0.00141025
0.00153823
0.00161381
0.00165726
0.0016774
0.0016796
0.00166638
0.0016389
0.00159762
0.00154277
0.00147465
0.00139394
0.0013019
0.00120033
0.00109152
0.000978196
0.000863347
0.000750098
0.000641545
0.000540672
0.000450638
0.000371569
0.000303051
0.000245569
0.000200559
0.000169295
0.000150329
0.00014292
0.000145945
0.000158303
0.000178538
0.000205507
0.000237648
0.00027356
0.000312041
0.00035251
0.000393783
0.000432439
0.000467752
0.000489678
0.000503328
0.000508021
0.000507446
0.000500356
0.000488126
0.000472298
0.00045485
0.000437771
0.000423084
0.000412089
0.000405575
0.000402845
0.000402761
0.000403239
-0.00014998
-0.000160389
-5.03947e-05
0.000342664
0.000856962
0.00119985
0.00139484
0.00152347
0.00160007
0.00164506
0.00166749
0.00167287
0.00166387
0.00164169
0.00160677
0.00155914
0.0014988
0.00142604
0.00134156
0.00124653
0.00114262
0.00103199
0.000917244
0.000801319
0.00068739
0.000579503
0.000478769
0.000383919
0.000299748
0.00022823
0.000169313
0.000123012
8.94263e-05
6.81466e-05
5.8434e-05
5.93614e-05
6.96961e-05
8.82548e-05
0.000113632
0.00014458
0.000179722
0.000217659
0.000257159
0.000298152
0.000338947
0.000375676
0.000404128
0.000420431
0.000427339
0.000430203
0.000427511
0.000421027
0.000412478
0.000403709
0.000396537
0.000392032
0.000390766
0.000391926
0.000394368
0.00039605
-0.000185668
-0.00019607
-8.2826e-05
0.000316899
0.000835489
0.00117956
0.0013755
0.0015047
0.00158217
0.00162845
0.00165278
0.00166083
0.00165539
0.00163779
0.00160845
0.00156732
0.00151424
0.00144919
0.00137248
0.00128471
0.00118695
0.00108075
0.000968262
0.000851986
0.000735475
0.000621732
0.000509652
0.000403264
0.000308089
0.000223555
0.000150357
8.94179e-05
4.1169e-05
5.63289e-06
-1.75545e-05
-2.90369e-05
-2.98125e-05
-2.09788e-05
-3.81838e-06
2.04315e-05
5.0438e-05
8.51285e-05
0.000123122
0.000163151
0.000203959
0.000246542
0.000286619
0.000321194
0.000341065
0.000351892
0.000359847
0.00036349
0.000364664
0.000364854
0.000365626
0.000367826
0.000371848
0.000376847
0.000381735
0.000384563
-0.000223978
-0.000234362
-0.000118128
0.000287684
0.000810174
0.00115532
0.00135215
0.00148187
0.00156011
0.00160749
0.00163344
0.00164375
0.00164135
0.00162766
0.00160317
0.00156784
0.00152138
0.00146362
0.00139455
0.00131434
0.00122352
0.00112308
0.00101462
0.000900145
0.000783249
0.000665609
0.000546233
0.000431573
0.000325817
0.000229208
0.000142916
6.81222e-05
5.62379e-06
-4.41456e-05
-8.11555e-05
-0.000105738
-0.000118612
-0.00012069
-0.000113086
-9.695e-05
-7.35036e-05
-4.38555e-05
-9.22302e-06
2.94634e-05
7.07731e-05
0.000113577
0.000157745
0.00020239
0.00024306
0.000267519
0.000284203
0.000298964
0.000310549
0.000320369
0.000329582
0.000338769
0.000348208
0.000357059
0.00036434
0.000368316
-0.000264952
-0.00027531
-0.000156367
0.000254929
0.000780932
0.00112707
0.00132475
0.00145498
0.00153392
0.00158229
0.00160964
0.0016219
0.00162209
0.00161176
0.00159146
0.0015612
0.00152072
0.00146974
0.00140801
0.00133537
0.00125195
0.00115822
0.00105527
0.000944575
0.000829296
0.000710426
0.000587281
0.000465753
0.000350824
0.000243933
0.000145934
5.84169e-05
-1.75521e-05
-8.11445e-05
-0.000131973
-0.000170017
-0.000195675
-0.000209614
-0.000212696
-0.000205953
-0.000190455
-0.000167274
-0.000137533
-0.000102155
-6.23781e-05
-1.88352e-05
2.70905e-05
7.46063e-05
0.000125069
0.000171832
0.000202042
0.000226384
0.000249175
0.000269236
0.00028744
0.000304015
0.000319104
0.000331908
0.000341615
0.000346766
-0.000308532
-0.000318859
-0.000197501
0.000218658
0.000747786
0.00109486
0.00129332
0.00142406
0.00150368
0.00155294
0.00158153
0.00159548
0.00159792
0.00159049
0.00157385
0.00154806
0.00151291
0.00146808
0.00141322
0.00134795
0.00127206
0.00118565
0.00108925
0.000983876
0.000871795
0.000754228
0.000630906
0.000504484
0.000381948
0.000266487
0.000158297
5.93582e-05
-2.90225e-05
-0.000105717
-0.000170006
-0.000221531
-0.000260358
-0.000286778
-0.000301416
-0.000305128
-0.000298831
-0.000283448
-0.000260054
-0.000229477
-0.000192798
-0.000150683
-0.000104048
-5.371e-05
-9.95364e-07
5.65409e-05
0.000109316
0.000146239
0.000179345
0.000210251
0.000238031
0.000262492
0.000283609
0.000300594
0.000312881
0.000319248
-0.000354645
-0.000364937
-0.000241465
0.000178936
0.00071081
0.00105874
0.00125796
0.00138921
0.00146948
0.00151959
0.00154933
0.00156479
0.0015692
0.0015643
0.00155083
0.00152895
0.00149851
0.00145925
0.00141074
0.00135249
0.00128404
0.00120516
0.00111597
0.00101707
0.000909499
0.000795992
0.000675604
0.000546071
0.000417612
0.000295205
0.000178528
6.96994e-05
-2.97828e-05
-0.000118578
-0.000195652
-0.000260336
-0.000312307
-0.000351521
-0.000378364
-0.000393382
-0.000397302
-0.000390896
-0.000375132
-0.000350835
-0.000318833
-0.000279766
-0.000234369
-0.000183372
-0.000127311
-6.76022e-05
-2.0103e-06
5.64056e-05
0.000100419
0.000142091
0.000179921
0.000212856
0.000240514
0.00026206
0.000277188
0.00028488
-0.000403059
-0.000413315
-0.000288036
0.000135986
0.000670248
0.00101898
0.00121891
0.00135067
0.00143158
0.00148249
0.00151328
0.00153009
0.00153625
0.00153357
0.00152289
0.00150443
0.00147815
0.00144387
0.00140115
0.0013494
0.00128807
0.0012167
0.00113507
0.00104333
0.000941887
0.000833124
0.000716178
0.000588658
0.000457229
0.0003288
0.000205493
8.82608e-05
-2.09638e-05
-0.000120683
-0.000209594
-0.000286772
-0.000351547
-0.000403589
-0.000442933
-0.000469816
-0.000484731
-0.000488299
-0.000481364
-0.00046461
-0.000438707
-0.000404282
-0.000361899
-0.000312125
-0.000255541
-0.000192672
-0.000124588
-5.07298e-05
1.25582e-05
6.30289e-05
0.000111556
0.000153384
0.00018823
0.000214892
0.000233237
0.000242453
-0.000453575
-0.000463796
-0.000337003
9.00497e-05
0.000626341
0.000975811
0.0011764
0.00130866
0.0013902
0.00144186
0.00147361
0.00149165
0.00149936
0.00149865
0.0014904
0.00147495
0.00145237
0.00142249
0.00138494
0.00133916
0.00128449
0.00122036
0.00114628
0.00106202
0.000967666
0.000864256
0.000753031
0.000631594
0.000499008
0.000365964
0.000237594
0.000113588
-3.84855e-06
-0.000113101
-0.000212698
-0.000301452
-0.00037839
-0.000442926
-0.000494743
-0.000533776
-0.000560246
-0.000574621
-0.000577504
-0.000569356
-0.000550896
-0.000522575
-0.000484849
-0.00043818
-0.000383008
-0.000319935
-0.000249704
-0.0001729
-9.14453e-05
-2.47525e-05
3.07598e-05
8.23964e-05
0.000124805
0.00015717
0.000179233
0.000190281
-0.000505843
-0.000516032
-0.000388004
4.15092e-05
0.000579478
0.000929599
0.00113078
0.00126353
0.00134565
0.00139803
0.00143067
0.00144983
0.00145894
0.00145996
0.00145386
0.00144105
0.00142168
0.00139568
0.00136274
0.00132235
0.00127385
0.00121655
0.00114979
0.00107311
0.000986322
0.000889421
0.000784628
0.000669879
0.000540797
0.000405997
0.000273466
0.0001445
2.03827e-05
-9.69767e-05
-0.000205969
-0.000305153
-0.000393383
-0.000469817
-0.000533788
-0.00058496
-0.000623314
-0.00064904
-0.000662441
-0.000663945
-0.000654074
-0.000633151
-0.000601579
-0.000559762
-0.000508043
-0.000446896
-0.000377044
-0.000299909
-0.000215206
-0.000128269
-6.01744e-05
-2.76543e-06
4.79661e-05
8.65879e-05
0.000112793
0.000125905
-0.000559601
-0.000569763
-0.000440765
-9.33073e-06
0.000529971
0.000880653
0.00108235
0.00121555
0.00129821
0.00135124
0.0013847
0.00140487
0.00141522
0.00141777
0.00141356
0.00140307
0.00138652
0.00136394
0.00133508
0.00129948
0.00125653
0.00120553
0.00114573
0.00107647
0.000997275
0.000907908
0.000809157
0.000701632
0.00058143
0.000447645
0.000311891
0.000179619
5.03747e-05
-7.35364e-05
-0.000190474
-0.000298849
-0.000397307
-0.000484757
-0.000560289
-0.000623336
-0.000673587
-0.000710916
-0.000735452
-0.000747405
-0.000747027
-0.000734669
-0.000710668
-0.000675272
-0.000628851
-0.000571765
-0.000504768
-0.000428861
-0.00034627
-0.000256136
-0.000167922
-9.96839e-05
-4.39886e-05
1.42699e-07
3.09154e-05
4.65376e-05
-0.000614541
-0.000624679
-0.000494971
-6.21432e-05
0.000478154
0.000829305
0.00103144
0.00116505
0.00124821
0.00130185
0.00133606
0.00135714
0.00136862
0.00137255
0.00137002
0.00136156
0.00134747
0.00132788
0.00130259
0.00127121
0.00123319
0.00118784
0.00113443
0.00107223
0.00100057
0.000918993
0.000827185
0.000727184
0.000616114
0.000488189
0.000352302
0.000217547
8.5053e-05
-4.3896e-05
-0.0001673
-0.000283478
-0.000390943
-0.000488386
-0.000574696
-0.000649075
-0.000710939
-0.000759928
-0.000795891
-0.000818767
-0.000828752
-0.000826046
-0.000810804
-0.000783269
-0.00074383
-0.000692749
-0.000630735
-0.000558867
-0.000478668
-0.000393485
-0.000302236
-0.000215763
-0.000151712
-0.000101637
-6.83029e-05
-5.14274e-05
-0.000670475
-0.000680595
-0.000550428
-0.000116713
0.00042425
0.000775777
0.000978278
0.00111225
0.00119588
0.00125006
0.00128494
0.00130684
0.00131931
0.00132445
0.00132341
0.00131675
0.00130482
0.0012878
0.00126561
0.00123794
0.00120429
0.00116403
0.00111645
0.00106082
0.000996317
0.000922289
0.000838316
0.000744769
0.000642468
0.000526338
0.000393589
0.00025704
0.000123027
-9.28667e-06
-0.000137589
-0.000260127
-0.000375227
-0.000481458
-0.000577537
-0.000662457
-0.000735426
-0.000795828
-0.000843256
-0.000877492
-0.000898514
-0.000906259
-0.000900789
-0.000882468
-0.000851468
-0.000808113
-0.000753126
-0.000687512
-0.000613021
-0.000531928
-0.000448201
-0.000361774
-0.000284047
-0.00022466
-0.000185983
-0.000165852
-0.000727157
-0.000737265
-0.000606881
-0.000172777
0.000368527
0.000720335
0.000923123
0.00105742
0.00114144
0.00119612
0.0012316
0.00125423
0.00126759
0.00127381
0.00127407
0.00126899
0.00125897
0.00124422
0.00122475
0.00120028
0.0011704
0.00113461
0.00109225
0.00104256
0.000984755
0.000918055
0.000841891
0.000755752
0.000661252
0.000555585
0.000432285
0.000298018
0.000163043
2.93793e-05
-0.000102224
-0.000229549
-0.000350901
-0.000464637
-0.000569351
-0.000663924
-0.000747299
-0.000818679
-0.000877482
-0.000923212
-0.0009556
-0.000974422
-0.000979712
-0.000971696
-0.000950437
-0.00091642
-0.000870266
-0.000812984
-0.000746367
-0.000672836
-0.000595223
-0.00051903
-0.000444105
-0.000381168
-0.000334963
-0.000309881
-0.000784512
-0.000794613
-0.00066426
-0.000230272
0.000311027
0.000663005
0.000865991
0.00100056
0.00108494
0.00114005
0.00117607
0.00119935
0.00121351
0.00122068
0.0012221
0.00121841
0.00121004
0.00119727
0.00118013
0.00115846
0.00113193
0.00110006
0.00106227
0.00101787
0.000966101
0.000906218
0.000837495
0.000759411
0.000671537
0.000576152
0.00046767
0.000338854
0.000203846
7.06698e-05
-6.24631e-05
-0.00019287
-0.000318887
-0.000438732
-0.000550886
-0.000654007
-0.000746913
-0.000828696
-0.000898482
-0.000955592
-0.00099955
-0.00102995
-0.00104674
-0.00104993
-0.00103962
-0.00101631
-0.000980528
-0.000933366
-0.000876611
-0.000812403
-0.00074417
-0.000675622
-0.000612198
-0.000556776
-0.000515244
-0.000492852
-0.000842537
-0.000852635
-0.000722542
-0.000289134
0.000251867
0.000603932
0.000807032
0.000941811
0.00102648
0.00108197
0.00111845
0.00114232
0.00115717
0.0011652
0.00116764
0.0011652
0.00115831
0.00114727
0.00113219
0.00111294
0.00108926
0.00106077
0.001027
0.000987341
0.000941076
0.000887467
0.000825782
0.000755397
0.000675698
0.000587456
0.000489608
0.000375577
0.000246421
0.000113474
-1.89143e-05
-0.000150751
-0.000279812
-0.000404289
-0.000522542
-0.000633104
-0.000734624
-0.000826014
-0.000906242
-0.000974472
-0.00102998
-0.00107224
-0.00110108
-0.0011163
-0.00111799
-0.0011065
-0.00108243
-0.00104697
-0.00100167
-0.000948784
-0.000891341
-0.00083309
-0.000778234
-0.000731803
-0.000698182
-0.000680125
-0.000901293
-0.000911394
-0.000781829
-0.000349555
0.000190764
0.000542807
0.000745956
0.000880923
0.000965865
0.0010217
0.0010586
0.00108298
0.00109847
0.00110726
0.00111062
0.00110928
0.00110369
0.00109417
0.00108087
0.00106375
0.0010426
0.00101711
0.000986848
0.000951321
0.000909919
0.000861991
0.000806823
0.000743706
0.000672091
0.000591454
0.000503272
0.000404058
0.000286521
0.000157645
2.69955e-05
-0.000104134
-0.000234427
-0.000361924
-0.000484877
-0.000601611
-0.000710669
-0.000810811
-0.00090084
-0.00097978
-0.00104674
-0.00110104
-0.00114229
-0.00117018
-0.00118468
-0.00118595
-0.00117478
-0.00115226
-0.0011198
-0.00107956
-0.00103426
-0.00098742
-0.000942799
-0.000904268
-0.000876067
-0.000860525
-0.000960965
-0.000971072
-0.000842305
-0.000411716
0.000127566
0.000479494
0.000682616
0.000817733
0.000902906
0.000959046
0.000996351
0.00102122
0.0010373
0.0010468
0.00105101
0.0010507
0.00104629
0.00103814
0.00102644
0.0010112
0.000992261
0.000969368
0.00094219
0.000910317
0.000873244
0.000830379
0.000781135
0.00072488
0.000660938
0.000588843
0.000507956
0.000420365
0.000321127
0.000202288
7.4495e-05
-5.38133e-05
-0.000183452
-0.000312189
-0.000438255
-0.000559825
-0.000675331
-0.000783321
-0.000882506
-0.000971723
-0.0010499
-0.00111625
-0.00117015
-0.00121116
-0.00123905
-0.00125399
-0.00125667
-0.001248
-0.00122937
-0.00120271
-0.00117064
-0.00113614
-0.00110251
-0.00107318
-0.00105161
-0.00103955
-0.00102197
-0.00103209
-0.000904401
-0.000476072
6.18004e-05
0.000413525
0.000616562
0.000751815
0.000837214
0.000893654
0.000931331
0.000956658
0.000973293
0.00098346
0.000988484
0.000989118
0.000985806
0.000978919
0.000968681
0.000955134
0.000938187
0.000917646
0.000893256
0.000864686
0.000831513
0.000793281
0.000749503
0.000699596
0.000642962
0.000579028
0.000507365
0.000427254
0.000340989
0.000242971
0.000124925
-1.1455e-06
-0.000127427
-0.000255647
-0.000383116
-0.000508116
-0.000628891
-0.000743849
-0.000851492
-0.000950458
-0.0010396
-0.00111794
-0.00118462
-0.00123902
-0.00128081
-0.00131007
-0.00132725
-0.00133315
-0.00132903
-0.00131672
-0.00129848
-0.00127677
-0.00125456
-0.00123439
-0.00121931
-0.00121069
-0.00108466
-0.00109479
-0.000968488
-0.000543055
-7.00237e-06
0.000344425
0.000547317
0.000682696
0.000768313
0.000825054
0.000863108
0.00088889
0.000906069
0.000916878
0.000922663
0.000924207
0.000921969
0.000916308
0.000907465
0.000895515
0.000880421
0.000862066
0.000840255
0.000814738
0.000785219
0.000751319
0.000712622
0.00066869
0.000619031
0.000563092
0.000500265
0.000430101
0.000351795
0.000267451
0.000171742
5.63728e-05
-6.7767e-05
-0.000192812
-0.000320067
-0.000446988
-0.000571833
-0.000692793
-0.000808132
-0.00091641
-0.00101626
-0.00110641
-0.00118592
-0.00125401
-0.00131008
-0.00135406
-0.00138621
-0.00140711
-0.00141796
-0.00142036
-0.0014161
-0.00140736
-0.00139652
-0.00138561
-0.0013772
-0.00137212
-0.00114964
-0.00115978
-0.00103521
-0.000613379
-7.95981e-05
0.000271439
0.000474135
0.000609652
0.000695513
0.000752583
0.000791043
0.000817312
0.000835065
0.000846548
0.000853119
0.000855589
0.000854434
0.000849999
0.000842543
0.000832197
0.000818965
0.000802779
0.000783521
0.000761006
0.000735013
0.000705297
0.000671559
0.000633426
0.000590452
0.00054216
0.000488014
0.000427384
0.000359726
0.000284095
0.000201958
0.000109214
-2.19823e-06
-0.000124805
-0.00024987
-0.000377142
-0.00050482
-0.000630768
-0.000753111
-0.000870212
-0.000980459
-0.00108241
-0.00117485
-0.0012567
-0.00132723
-0.00138621
-0.00143356
-0.00146971
-0.0014957
-0.00151272
-0.00152231
-0.00152633
-0.00152656
-0.00152471
-0.00152263
-0.00152092
-0.00121772
-0.00122787
-0.00110541
-0.000687968
-0.000156945
0.00019363
0.000396107
0.000531813
0.00061798
0.000675453
0.000714392
0.000741221
0.000759624
0.000771858
0.000779298
0.000782787
0.000782818
0.000779717
0.000773761
0.000765128
0.000753883
0.000740009
0.000723442
0.00070408
0.000681781
0.000656358
0.000627574
0.000595155
0.000558764
0.000517958
0.000472209
0.000420916
0.000363372
0.00029885
0.000226268
0.000146137
5.62998e-05
-5.08951e-05
-0.000173045
-0.000299968
-0.00042892
-0.000558915
-0.000687476
-0.000812971
-0.000933415
-0.00104703
-0.00115228
-0.00124796
-0.00133312
-0.00140714
-0.00146974
-0.00152118
-0.00156209
-0.00159343
-0.00161653
-0.00163278
-0.00164363
-0.00165032
-0.00165422
-0.00165564
-0.00128976
-0.00129993
-0.00118001
-0.000767859
-0.000240136
0.000109921
0.000312185
0.00044818
0.000534774
0.000592782
0.000632343
0.000659883
0.000679094
0.000692247
0.000700736
0.000705437
0.000706877
0.000705382
0.000701229
0.000694634
0.000685711
0.000674502
0.000660992
0.000645133
0.000626842
0.000605984
0.000582378
0.000555796
0.000525934
0.000492412
0.000454753
0.000412368
0.00036455
0.000310435
0.000249069
0.000179247
0.000100345
1.24476e-05
-9.16178e-05
-0.000215291
-0.000346283
-0.000478681
-0.000613007
-0.000746345
-0.000876661
-0.00100177
-0.00111984
-0.00122937
-0.00132904
-0.00141797
-0.00149568
-0.00156209
-0.00161748
-0.00166265
-0.00169857
-0.00172631
-0.00174704
-0.00176159
-0.00177101
-0.00177528
-0.00136688
-0.00137703
-0.00126017
-0.000854321
-0.00033048
1.90543e-05
0.000221175
0.000357647
0.000444887
0.000503669
0.000544107
0.000572628
0.000592934
0.000607316
0.000617192
0.000623469
0.000626725
0.000627314
0.000625482
0.00062146
0.000615421
0.000607449
0.000597571
0.000585768
0.000571978
0.000556095
0.000537971
0.000517389
0.000494067
0.000467653
0.00043769
0.00040362
0.000364768
0.000320289
0.000269162
0.000210181
0.000142017
6.29595e-05
-2.48094e-05
-0.000128303
-0.00025615
-0.000393488
-0.000531901
-0.000672896
-0.000812602
-0.000948913
-0.0010796
-0.00120276
-0.00131676
-0.00142035
-0.00151268
-0.00159343
-0.00166264
-0.00172079
-0.00176859
-0.00180689
-0.00183656
-0.0018582
-0.00187259
-0.00187942
-0.00144983
-0.00145997
-0.00134669
-0.000948262
-0.000428878
-7.97846e-05
0.000122363
0.000259626
0.000347867
0.000407812
0.00044954
0.000479485
0.000501366
0.000517495
0.000529318
0.000537771
0.000543471
0.000546823
0.000548085
0.00054745
0.000545089
0.000541115
0.000535576
0.000528469
0.000519733
0.000509258
0.000496883
0.000482393
0.000465502
0.000445856
0.000423018
0.000396464
0.000365563
0.000329536
0.000287407
0.000237994
0.000179876
0.000111523
3.07534e-05
-6.01324e-05
-0.000167889
-0.000302359
-0.00044836
-0.000595322
-0.000744313
-0.000891454
-0.00103434
-0.00117074
-0.00129853
-0.00141605
-0.00152225
-0.00161648
-0.00169854
-0.00176858
-0.00182713
-0.00187485
-0.00191239
-0.00194024
-0.00195891
-0.00196798
-0.00153893
-0.00154902
-0.00143986
-0.00104995
-0.000535486
-0.000186597
1.59035e-05
0.000154457
0.000244247
0.000305945
0.000349593
0.000381636
0.00040581
0.000424449
0.000439027
0.000450508
0.000459533
0.000466529
0.00047177
0.00047542
0.000477598
0.000478404
0.000477887
0.000476029
0.000472751
0.000467921
0.000461353
0.00045281
0.000441998
0.000428554
0.000412055
0.000392002
0.000367808
0.000338767
0.000304026
0.000262507
0.000212852
0.000153365
8.24034e-05
-2.6915e-06
-9.96682e-05
-0.00021588
-0.000361797
-0.00051903
-0.000675738
-0.00083315
-0.000987461
-0.00113625
-0.00127677
-0.00140726
-0.00152627
-0.00163274
-0.00172627
-0.00180686
-0.00187483
-0.00193065
-0.00197491
-0.002008
-0.00203025
-0.00204119
-0.00163217
-0.00164216
-0.00153754
-0.00115691
-0.000647559
-0.000298451
-9.50994e-05
4.54131e-05
0.000137475
0.000201697
0.000248079
0.000283073
0.000310432
0.00033251
0.000350793
0.000366244
0.000379502
0.000390991
0.000400985
0.000409641
0.000417023
0.000423154
0.000428039
0.000431644
0.000433872
0.000434554
0.00043347
0.000430358
0.000424916
0.000416787
0.000405561
0.000390763
0.000371856
0.000348231
0.000319148
0.000283661
0.000240554
0.000188245
0.000124815
4.80147e-05
-4.39293e-05
-0.00015166
-0.000283925
-0.000444002
-0.000612165
-0.000778167
-0.000942797
-0.00110256
-0.00125451
-0.00139646
-0.00152654
-0.00164357
-0.00174698
-0.00183652
-0.00191237
-0.0019749
-0.00202465
-0.00206192
-0.002087
-0.00209938
-0.00172374
-0.00173358
-0.00163354
-0.00126222
-0.000757651
-0.000407791
-0.000203026
-5.98966e-05
3.51304e-05
0.000102597
0.000152451
0.000191147
0.00022244
0.000248678
0.000271337
0.00029137
0.000309401
0.000325829
0.000340894
0.000354724
0.000367343
0.000378713
0.000388783
0.000397477
0.000404666
0.000410168
0.000413757
0.000415153
0.000414033
0.000410055
0.000402841
0.000391951
0.000376898
0.000357123
0.000331979
0.000300664
0.000262123
0.00021495
0.000157233
8.6682e-05
2.76146e-07
-0.000101538
-0.00022451
-0.00038084
-0.000556487
-0.00073165
-0.000904179
-0.00107313
-0.00123435
-0.00138557
-0.00152466
-0.00165027
-0.00176156
-0.00185816
-0.00194021
-0.00200798
-0.00206191
-0.00210228
-0.0021294
-0.00214281
-0.00180116
-0.00181085
-0.00171471
-0.00135131
-0.000850528
-0.000499563
-0.000293108
-0.000147185
-4.9042e-05
2.1793e-05
7.52166e-05
0.000117666
0.000152882
0.000183196
0.000210066
0.00023442
0.000256844
0.000277706
0.000297223
0.000315479
0.000332472
0.000348129
0.000362341
0.000375002
0.000385984
0.000395086
0.000402064
0.000406643
0.000408517
0.00040736
0.000402801
0.000394427
0.000381794
0.000364407
0.000341699
0.00031296
0.000277271
0.000233342
0.000179343
0.000112909
3.10594e-05
-6.819e-05
-0.000185766
-0.000334394
-0.000514674
-0.000697892
-0.000875833
-0.00105144
-0.00121925
-0.00137715
-0.00152262
-0.00165423
-0.00177099
-0.00187255
-0.00195889
-0.00203023
-0.00208698
-0.00212939
-0.00215781
-0.00217186
-0.00184741
-0.00185698
-0.00176319
-0.00140449
-0.000905787
-0.000553965
-0.000346289
-0.000198425
-9.81512e-05
-2.50276e-05
3.07935e-05
7.57352e-05
0.000113522
0.000146469
0.000176013
0.000203062
0.000228187
0.000251732
0.00027389
0.000294738
0.000314258
0.000332352
0.00034889
0.000363747
0.000376782
0.000387803
0.000396571
0.000402813
0.00040623
0.000406498
0.000403264
0.000396132
0.000384673
0.000368429
0.000346869
0.000319333
0.000284984
0.000242594
0.000190426
0.000126043
4.67208e-05
-5.1268e-05
-0.000165567
-0.000309145
-0.000492203
-0.000679842
-0.000860281
-0.00103944
-0.00121064
-0.00137204
-0.00152087
-0.00165561
-0.00177525
-0.0018794
-0.00196796
-0.00204115
-0.00209936
-0.00214279
-0.00217186
-0.00218615
)
;

boundaryField
{
    symmetry1
    {
        type            symmetryPlane;
    }
    symmetry2
    {
        type            symmetryPlane;
    }
    wall
    {
        type            zeroGradient;
    }
    left
    {
        type            cyclic;
    }
    right
    {
        type            cyclic;
    }
}


// ************************************************************************* //
