/*--------------------------------*- C++ -*----------------------------------*\
| =========                 |                                                 |
| \\      /  F ield         | OpenFOAM: The Open Source CFD Toolbox           |
|  \\    /   O peration     | Version:  2212                                  |
|   \\  /    A nd           | Website:  www.openfoam.com                      |
|    \\/     M anipulation  |                                                 |
\*---------------------------------------------------------------------------*/
FoamFile
{
    version     2.0;
    format      ascii;
    arch        "LSB;label=32;scalar=64";
    class       volScalarField;
    location    "1";
    object      Q_sep;
}
// * * * * * * * * * * * * * * * * * * * * * * * * * * * * * * * * * * * * * //

dimensions      [0 0 0 0 0 0 0];

internalField   nonuniform List<scalar> 
3600
(
4.54839e-13
9.16668e-11
1.47459e-09
7.28894e-09
1.47495e-08
1.27109e-08
5.84215e-09
8.97117e-09
2.13889e-08
3.2979e-08
3.78012e-08
3.60153e-08
3.05877e-08
2.43313e-08
1.877e-08
1.44868e-08
1.14997e-08
9.60186e-09
8.35943e-09
7.71725e-09
7.91741e-09
8.50563e-09
9.08507e-09
9.72064e-09
1.04643e-08
1.13009e-08
1.22062e-08
1.3153e-08
1.41201e-08
1.50938e-08
1.60583e-08
1.69971e-08
1.78973e-08
1.87361e-08
1.9489e-08
2.01471e-08
2.07107e-08
2.11848e-08
2.15715e-08
2.18816e-08
2.21243e-08
2.23095e-08
2.24476e-08
2.25389e-08
2.25679e-08
2.25376e-08
2.24428e-08
2.22746e-08
2.20246e-08
2.16888e-08
2.12559e-08
2.07035e-08
2.0001e-08
1.9104e-08
1.79522e-08
1.64695e-08
1.46158e-08
1.25006e-08
1.0525e-08
9.24928e-09
9.17091e-11
2.06956e-08
2.46117e-07
8.95487e-07
1.24655e-06
1.32358e-07
7.03593e-07
8.15561e-07
3.7582e-06
6.18782e-06
7.15499e-06
6.81178e-06
5.71493e-06
4.38952e-06
3.14481e-06
2.12328e-06
1.3594e-06
8.25086e-07
4.087e-07
5.23976e-08
1.47007e-07
2.04802e-07
2.44467e-07
2.81178e-07
3.03221e-07
3.11797e-07
3.09727e-07
3.00016e-07
2.85216e-07
2.66175e-07
2.43371e-07
2.17582e-07
1.888e-07
1.57391e-07
1.25485e-07
9.4917e-08
6.6346e-08
4.00374e-08
1.65427e-08
3.78122e-09
2.11301e-08
3.5464e-08
4.72705e-08
5.75256e-08
6.6197e-08
7.3131e-08
7.84979e-08
8.2406e-08
8.50049e-08
8.64386e-08
8.74806e-08
8.89025e-08
9.14661e-08
9.6097e-08
1.0356e-07
1.13281e-07
1.21633e-07
1.22599e-07
1.14866e-07
1.05213e-07
1.47492e-09
2.46148e-07
3.60482e-06
9.89542e-06
1.51946e-07
3.47436e-05
4.84524e-05
1.34197e-05
4.24091e-05
8.4476e-05
9.95552e-05
9.35301e-05
7.69586e-05
5.84381e-05
4.23164e-05
3.01538e-05
2.20008e-05
1.72298e-05
1.47516e-05
1.38021e-05
1.3849e-05
1.45422e-05
1.53593e-05
1.60674e-05
1.68473e-05
1.77061e-05
1.8616e-05
1.9552e-05
2.0485e-05
2.14074e-05
2.23204e-05
2.32199e-05
2.4115e-05
2.50212e-05
2.59221e-05
2.67928e-05
2.76117e-05
2.83637e-05
2.90615e-05
2.96857e-05
3.02217e-05
3.06589e-05
3.09951e-05
3.12447e-05
3.14243e-05
3.1527e-05
3.15444e-05
3.14931e-05
3.13773e-05
3.11896e-05
3.09509e-05
3.06938e-05
3.04625e-05
3.03416e-05
3.04709e-05
3.10679e-05
3.23713e-05
3.44535e-05
3.6911e-05
3.86447e-05
7.28989e-09
8.95598e-07
9.89616e-06
2.02773e-05
2.45635e-05
6.79757e-05
5.63828e-05
0.000293615
0.000486789
0.000569523
0.000554452
0.000485294
0.000396681
0.000310803
0.000236981
0.000178158
0.000133885
0.000102316
7.69586e-05
5.30803e-05
3.76532e-05
3.12774e-05
2.64225e-05
2.21002e-05
1.86931e-05
1.60618e-05
1.40171e-05
1.23928e-05
1.10409e-05
9.90811e-06
8.96818e-06
8.17432e-06
7.53359e-06
7.02948e-06
6.54318e-06
5.99499e-06
5.34908e-06
4.68229e-06
4.05195e-06
3.42608e-06
2.81849e-06
2.24287e-06
1.73773e-06
1.34846e-06
1.06348e-06
8.27634e-07
6.39325e-07
5.21577e-07
4.52866e-07
4.38082e-07
5.28383e-07
7.6863e-07
1.23379e-06
2.06267e-06
3.48651e-06
5.8417e-06
9.51069e-06
1.46896e-05
2.07018e-05
2.51886e-05
1.4751e-08
1.24673e-06
1.51064e-07
2.4567e-05
0.000139406
0.000952121
0.00219517
0.00277582
0.00266814
0.00223183
0.00177188
0.00140337
0.00112978
0.000924498
0.000763469
0.000634258
0.000531095
0.000452188
0.000394359
0.00034399
0.00029467
0.000257437
0.000230061
0.000208583
0.000191567
0.000177831
0.000166529
0.000156991
0.000148702
0.000141365
0.000134782
0.000128747
0.000123159
0.000117868
0.000112602
0.000107242
0.000101833
9.65675e-05
9.15623e-05
8.68665e-05
8.25739e-05
7.87396e-05
7.54704e-05
7.28049e-05
7.06181e-05
6.88265e-05
6.73251e-05
6.60742e-05
6.49893e-05
6.40198e-05
6.31133e-05
6.21093e-05
6.07857e-05
5.8845e-05
5.58822e-05
5.13604e-05
4.48782e-05
3.6984e-05
2.97806e-05
2.55962e-05
1.27123e-08
1.3251e-07
3.47443e-05
6.79904e-05
0.000952107
0.00407913
0.00718909
0.00751696
0.00620285
0.00444188
0.00298432
0.00203637
0.00149498
0.00118785
0.000984353
0.000820859
0.000677077
0.000551083
0.00044165
0.000349017
0.000276168
0.000220061
0.000176728
0.000142589
0.000115592
9.41748e-05
7.71194e-05
6.3475e-05
5.24714e-05
4.35949e-05
3.65e-05
3.08929e-05
2.6623e-05
2.34942e-05
2.10986e-05
1.91281e-05
1.74303e-05
1.60838e-05
1.50901e-05
1.42932e-05
1.36609e-05
1.31471e-05
1.28179e-05
1.2801e-05
1.29784e-05
1.32129e-05
1.35509e-05
1.39804e-05
1.44612e-05
1.50623e-05
1.60073e-05
1.75118e-05
1.98591e-05
2.34679e-05
2.88974e-05
3.67633e-05
4.75529e-05
6.12897e-05
7.63268e-05
8.74014e-05
5.84296e-09
7.03509e-07
4.84544e-05
5.63653e-05
0.00219517
0.00718915
0.010704
0.0109676
0.00904205
0.00612471
0.0034651
0.00169901
0.000800111
0.00048782
0.000450354
0.000486999
0.000505432
0.000482447
0.000423683
0.000353741
0.000292097
0.000238445
0.0001928
0.000154599
0.000123399
9.84432e-05
7.87308e-05
6.3332e-05
5.14055e-05
4.22724e-05
3.54647e-05
3.06291e-05
2.75718e-05
2.60806e-05
2.5722e-05
2.61105e-05
2.69903e-05
2.83759e-05
3.02132e-05
3.22427e-05
3.43905e-05
3.65609e-05
3.88237e-05
4.13964e-05
4.41185e-05
4.68243e-05
4.97167e-05
5.28158e-05
5.6105e-05
5.98268e-05
6.44897e-05
7.07016e-05
7.92967e-05
9.14588e-05
0.000108777
0.000133096
0.000165916
0.000206795
0.000249744
0.000279623
8.97175e-09
8.15649e-07
1.34209e-05
0.000293607
0.00277586
0.00751716
0.0109679
0.0125381
0.0113988
0.0085992
0.00538989
0.00287516
0.00138767
0.000798626
0.000742132
0.000887696
0.00102699
0.0010739
0.00101207
0.000878816
0.00073973
0.000620945
0.000514477
0.000420928
0.000341101
0.000274636
0.000220046
0.000175714
0.000139928
0.00011105
8.78657e-05
6.93843e-05
5.48935e-05
4.39041e-05
3.58866e-05
3.02876e-05
2.66314e-05
2.4682e-05
2.41583e-05
2.46374e-05
2.58822e-05
2.76411e-05
2.98949e-05
3.27855e-05
3.60257e-05
3.94146e-05
4.31829e-05
4.72965e-05
5.17188e-05
5.67654e-05
6.3064e-05
7.13541e-05
8.26594e-05
9.83858e-05
0.000120393
0.000150799
0.000191301
0.000241278
0.000293389
0.000329494
2.13897e-08
3.75836e-06
4.24102e-05
0.000486801
0.00266824
0.00620323
0.00904255
0.0113992
0.011725
0.0100311
0.00720217
0.00441474
0.00236148
0.00125967
0.000913744
0.000993527
0.00119936
0.00134437
0.00135292
0.00125097
0.00111232
0.0009662
0.000818193
0.000677466
0.000550915
0.000441707
0.000349785
0.000274041
0.000212353
0.000162272
0.000121882
8.94679e-05
6.38062e-05
4.42702e-05
3.04672e-05
2.16991e-05
1.71221e-05
1.59499e-05
1.74874e-05
2.09993e-05
2.58942e-05
3.1655e-05
3.80564e-05
4.51434e-05
5.25706e-05
6.0085e-05
6.80362e-05
7.64623e-05
8.53456e-05
9.51868e-05
0.000106906
0.000121666
0.000141089
0.000167328
0.000203177
0.000251709
0.000315084
0.000391386
0.000468597
0.000520714
3.29803e-08
6.18808e-06
8.44785e-05
0.000569544
0.00223199
0.00444229
0.00612528
0.00859971
0.0100314
0.00976095
0.0080457
0.00572224
0.00359457
0.00216231
0.00149424
0.00140177
0.00159162
0.00181241
0.00191238
0.00186538
0.00173194
0.00155352
0.00134766
0.00113551
0.000933996
0.000752715
0.000595375
0.000462979
0.000353202
0.000262945
0.000189227
0.000129171
8.07745e-05
4.32956e-05
1.66624e-05
8.51796e-08
8.40562e-06
1.00911e-05
6.59846e-06
7.48351e-07
1.06659e-05
2.21647e-05
3.45913e-05
4.77364e-05
6.12373e-05
7.47507e-05
8.8672e-05
0.000103179
0.00011832
0.000134744
0.000153653
0.000176685
0.000206116
0.000244925
0.000296927
0.000366192
0.000455215
0.000560281
0.000664024
0.000732435
3.78034e-08
7.15539e-06
9.95611e-05
0.000554485
0.00177201
0.00298465
0.00346555
0.00539027
0.00720232
0.00804568
0.00764257
0.0062817
0.00459045
0.00315653
0.0022749
0.00195979
0.00202976
0.00224966
0.00242482
0.00246871
0.00239406
0.00222705
0.00199056
0.00171796
0.00143842
0.00117225
0.000931789
0.000723189
0.000545811
0.000397334
0.000274025
0.000172019
8.85386e-05
2.33107e-05
2.30862e-05
5.18509e-05
6.53233e-05
6.68828e-05
5.92372e-05
4.47562e-05
2.59016e-05
4.43702e-06
1.82393e-05
4.14829e-05
6.50032e-05
8.8314e-05
0.00011176
0.000135798
0.000160647
0.000187078
0.000216603
0.000251435
0.000294704
0.000350458
0.000423844
0.000520199
0.000642298
0.000783777
0.000920323
0.0010085
3.60167e-08
6.81207e-06
9.35335e-05
0.000485328
0.00140352
0.0020366
0.00169924
0.0028753
0.0044147
0.00572204
0.00628151
0.00591827
0.00494105
0.00383286
0.00297583
0.0025441
0.0025006
0.00268579
0.00291397
0.00305781
0.0030769
0.00296581
0.00273895
0.00243241
0.00208496
0.00173008
0.00139251
0.00108717
0.000818866
0.000588428
0.00039274
0.00022744
8.98223e-05
1.88732e-05
9.67773e-05
0.00014515
0.000167482
0.000169462
0.000155733
0.000130464
9.80025e-05
6.13537e-05
2.31155e-05
1.5366e-05
5.39468e-05
9.19075e-05
0.000129396
0.000167287
0.000206094
0.00024669
0.000290856
0.000341431
0.000402588
0.000479716
0.000579653
0.000709339
0.000871842
0.00105735
0.00123306
0.0013445
3.05895e-08
5.71517e-06
7.69604e-05
0.000396689
0.00112986
0.00149508
0.000800179
0.00138754
0.00236111
0.00359397
0.00458985
0.00494067
0.00465386
0.004013
0.00336189
0.00294748
0.00284904
0.0030036
0.00327196
0.00351846
0.00366127
0.00365688
0.00349747
0.00320788
0.0028291
0.0024045
0.00197242
0.00156024
0.00118256
0.00084686
0.00055291
0.000297836
8.12409e-05
9.23276e-05
0.00021834
0.000297519
0.0003346
0.000338385
0.000316387
0.000275698
0.00022347
0.000164675
0.000103742
4.30614e-05
1.73881e-05
7.65384e-05
0.000134144
0.000191621
0.000249927
0.000310064
0.000373964
0.000445132
0.000528981
0.000632598
0.000765019
0.000935278
0.0011468
0.00138543
0.00160805
0.00174727
2.43346e-08
4.38998e-06
5.84429e-05
0.000310818
0.000924523
0.00118787
0.000487707
0.0007982
0.0012589
0.00216132
0.00315554
0.0038321
0.00401258
0.00378908
0.00339996
0.00308687
0.00299299
0.00313662
0.00343873
0.00378172
0.00406226
0.00420447
0.00417002
0.00396106
0.003608
0.00315596
0.00265357
0.00214089
0.00164559
0.00118512
0.000765683
0.000389991
6.30123e-05
0.000204021
0.000401347
0.000527852
0.000589133
0.000597958
0.000566012
0.000504696
0.000425308
0.00033572
0.000243041
0.000151199
6.00769e-05
2.87077e-05
0.000114312
0.000198748
0.000283567
0.00036994
0.000459835
0.000557374
0.000669454
0.000805328
0.000976896
0.00119589
0.00146626
0.00176845
0.00204708
0.00221938
1.87732e-08
3.14545e-06
4.23231e-05
0.000237009
0.000763492
0.000984309
0.000450095
0.000741611
0.000912919
0.00149324
0.00227387
0.00297492
0.00336117
0.00339956
0.00321734
0.00300875
0.00293471
0.00306773
0.00338541
0.00380199
0.00421263
0.00451997
0.00465508
0.00458918
0.00433024
0.00391364
0.00338852
0.00280376
0.00219949
0.00160528
0.00103748
0.00050907
3.52272e-05
0.000360716
0.000660135
0.000856985
0.000956665
0.00097676
0.000934336
0.000847044
0.00073202
0.000601256
0.000465644
0.000331361
0.000198413
6.93068e-05
5.43191e-05
0.000175068
0.000295172
0.000416095
0.000539709
0.000670668
0.000817545
0.000992336
0.00121072
0.00148786
0.00182838
0.00220618
0.00255126
0.00276284
1.44892e-08
2.12376e-06
3.01597e-05
0.000178187
0.000634284
0.000820823
0.000486825
0.000887353
0.000992978
0.00140106
0.00195893
0.00254314
0.00294652
0.00308605
0.00300824
0.00285172
0.00276827
0.00286046
0.00315233
0.00359591
0.00410003
0.00455907
0.00487999
0.00500115
0.00490008
0.00458937
0.00410692
0.0035004
0.00281717
0.00209646
0.00136788
0.000658279
1.06249e-06
0.00056826
0.0010088
0.00130659
0.00146501
0.00150659
0.00145547
0.00133758
0.0011776
0.000993662
0.000801932
0.000611392
0.000422792
0.000240164
6.60468e-05
0.000102727
0.000268927
0.000434511
0.000601212
0.000774085
0.000963612
0.00118526
0.00145936
0.00180554
0.00222913
0.0026961
0.00311934
0.00337717
1.14989e-08
1.35931e-06
2.19998e-05
0.000133883
0.000531132
0.000677066
0.000505334
0.00102673
0.00119889
0.00159092
0.00202883
0.00249944
0.00284775
0.00299172
0.00293363
0.00276762
0.00262718
0.00262975
0.00283623
0.00323831
0.00377027
0.00433236
0.00481799
0.00513795
0.00523627
0.00509377
0.00472422
0.00416165
0.00344918
0.00262978
0.0017435
0.000832975
4.84475e-05
0.000832718
0.00145958
0.00189703
0.0021417
0.00222048
0.00216637
0.00201507
0.00180136
0.00155152
0.00128848
0.00102527
0.000764294
0.000512147
0.000272287
4.09549e-05
0.000184683
0.000407172
0.000628237
0.000853249
0.0010948
0.00137266
0.00171301
0.00214074
0.00266194
0.00323308
0.00374735
0.00405898
9.60288e-09
8.25234e-07
1.72299e-05
0.000102318
0.000452175
0.000551048
0.00048233
0.00107364
0.00134394
0.00181176
0.00224874
0.00268454
0.00300218
0.00313508
0.00306619
0.00285919
0.00262903
0.0024995
0.00256088
0.00284467
0.00332003
0.00390691
0.00449904
0.00498982
0.00529357
0.00535641
0.00515873
0.00470756
0.00402807
0.00315605
0.00213411
0.00102058
0.000110511
0.00115534
0.00201922
0.00264324
0.00300959
0.00314985
0.00310534
0.00292172
0.00264741
0.00231899
0.00196793
0.00161333
0.00126052
0.000919921
0.000596055
0.00028454
1.67916e-05
0.000311047
0.000600201
0.000889815
0.00119482
0.00153993
0.00195864
0.00248219
0.00311705
0.00380866
0.00442765
0.00480114
8.36247e-09
4.09337e-07
1.47621e-05
7.69988e-05
0.000394406
0.000441629
0.000423534
0.00101183
0.00135257
0.00191197
0.00242418
0.00291315
0.00327086
0.00343722
0.00338362
0.00315059
0.00283481
0.00256009
0.00243864
0.00253964
0.00287309
0.00339121
0.00400349
0.00460016
0.00507558
0.00534448
0.00535058
0.00506447
0.00448104
0.00361461
0.00250235
0.00120402
0.000190672
0.001537
0.00269117
0.00355403
0.00408753
0.004323
0.00430895
0.00410044
0.00376257
0.00334454
0.00288837
0.00242192
0.00195509
0.00150413
0.00107488
0.00066221
0.000265691
0.000118051
0.000491601
0.000860785
0.00124307
0.00166889
0.00217993
0.00281498
0.00358085
0.00441031
0.00514833
0.00559197
7.71646e-09
5.2474e-08
1.38084e-05
5.30943e-05
0.000344023
0.000349023
0.000353703
0.000878812
0.001251
0.00186536
0.00246864
0.00305744
0.00351743
0.00378002
0.00379981
0.00359361
0.00323618
0.00284312
0.00253876
0.00242372
0.0025499
0.00291068
0.00344564
0.00405796
0.0046359
0.00507243
0.00527828
0.00518486
0.00474787
0.00395082
0.00280647
0.00135697
0.000301506
0.00198092
0.00347296
0.00462975
0.00538377
0.00575875
0.00580589
0.00558899
0.00519181
0.00467802
0.00410131
0.0035016
0.00289719
0.00231135
0.00175214
0.00121401
0.00069928
0.00020485
0.000272204
0.000738478
0.00121432
0.00173676
0.0023564
0.00312017
0.00403537
0.0050206
0.00589251
0.00641471
7.91463e-09
1.47458e-07
1.38443e-05
3.76325e-05
0.000294645
0.000276179
0.000292206
0.000739972
0.00111255
0.00173214
0.00239389
0.00307585
0.00365942
0.00405971
0.00420962
0.00409683
0.00376718
0.0033174
0.00287112
0.00254882
0.00243891
0.00257862
0.00294806
0.00347811
0.00406731
0.00460129
0.00496695
0.00506047
0.00479866
0.00412275
0.00300394
0.00144939
0.000457372
0.00248591
0.00435369
0.005858
0.00689142
0.00745936
0.00761131
0.00741546
0.00697317
0.00636546
0.00565744
0.00490459
0.00413919
0.00339296
0.00267642
0.00198546
0.0013263
0.000696721
9.36992e-05
0.000489989
0.00107844
0.00171561
0.00246241
0.00337404
0.00445784
0.00561717
0.00663781
0.00724706
8.50489e-09
2.0517e-07
1.45375e-05
3.12569e-05
0.00025741
0.00022006
0.000238516
0.000621058
0.000966286
0.00155326
0.00222596
0.00296399
0.00365435
0.00420124
0.00451624
0.00455494
0.00432821
0.00390305
0.0033879
0.00290819
0.00257723
0.00247151
0.00261496
0.00297726
0.00348281
0.00402532
0.00448188
0.00472572
0.00463664
0.00410967
0.00306545
0.00145524
0.000675449
0.00305731
0.00532468
0.00721924
0.00858588
0.00940301
0.0097147
0.00958664
0.00912935
0.00844078
0.00760023
0.00668124
0.00573414
0.00480184
0.00389965
0.00302658
0.00219403
0.00140192
0.000647776
7.63659e-05
0.000798895
0.00157171
0.00246639
0.00354701
0.00482003
0.00617226
0.00735653
0.00806135
9.08541e-09
2.44546e-07
1.53579e-05
2.64195e-05
0.000230072
0.000176734
0.000192786
0.000514374
0.00081782
0.00134676
0.00198919
0.0027371
0.00349498
0.00416686
0.00465116
0.00487537
0.00481311
0.00449407
0.00399885
0.00344163
0.00294509
0.00261329
0.00251044
0.0026493
0.00299036
0.00345099
0.00391587
0.00424736
0.00429711
0.0039189
0.00297871
0.00135033
0.000975447
0.00369433
0.0063598
0.00866852
0.0104127
0.0115375
0.0120761
0.0120784
0.0116556
0.010916
0.00995624
0.00887118
0.0077302
0.00658992
0.00547478
0.00439031
0.00335433
0.00237032
0.00143788
0.000548099
0.00033228
0.00126399
0.00233004
0.00360323
0.0050883
0.00665333
0.00801634
0.00882496
9.72114e-09
2.81084e-07
1.60679e-05
2.21075e-05
0.000208602
0.000142599
0.000154541
0.00042069
0.000676948
0.00113472
0.00171688
0.00243096
0.00320584
0.00395817
0.00458532
0.00499642
0.00513261
0.00498405
0.00459458
0.00405285
0.00347397
0.00297433
0.00264791
0.00254657
0.00267248
0.00297758
0.00336816
0.00371068
0.00384183
0.00358344
0.00275044
0.00113036
0.00140037
0.00445827
0.00750188
0.0101977
0.0122899
0.0137564
0.0146039
0.0148236
0.0145076
0.0137705
0.0127254
0.0114936
0.0101606
0.00880054
0.00745298
0.00613117
0.00486259
0.00365734
0.00251867
0.00143688
0.000372866
0.000743499
0.00200743
0.00350029
0.0052233
0.00702342
0.0085815
0.00950273
1.04651e-08
3.03058e-07
1.68508e-05
1.87053e-05
0.000191574
0.000115589
0.000123354
0.000340963
0.000550676
0.00093357
0.00143772
0.00208383
0.0028272
0.00360522
0.00432652
0.00489554
0.00523101
0.00528796
0.00507004
0.00463081
0.00406314
0.00347955
0.00298858
0.00267193
0.00257063
0.00267568
0.00292565
0.00320445
0.00334631
0.0031547
0.00240088
0.000691686
0.0020643
0.00533918
0.00862011
0.0116078
0.0141072
0.0160037
0.0171982
0.0176879
0.0175768
0.0169366
0.0158725
0.0145384
0.0130359
0.0114601
0.00987573
0.00830077
0.00677664
0.00532405
0.00395226
0.00265196
0.00137714
4.73327e-05
0.001445
0.0031891
0.00518047
0.0072417
0.00901312
0.0100565
1.13012e-08
3.1162e-07
1.77111e-05
1.60742e-05
0.000177836
9.41709e-05
9.84206e-05
0.000274581
0.000441588
0.000752458
0.00117179
0.00172914
0.00240296
0.00315372
0.00391049
0.00458553
0.00508929
0.00535157
0.00533958
0.00506806
0.00459755
0.00402245
0.00344949
0.00297731
0.00267596
0.00257385
0.00264621
0.00280373
0.00288845
0.00270008
0.00192326
0.000144062
0.00265726
0.00603632
0.00952065
0.0128391
0.0156693
0.0179154
0.0196024
0.0205583
0.0207462
0.0202761
0.0192973
0.0179493
0.0163312
0.0145722
0.012769
0.010945
0.00915445
0.00743711
0.00580943
0.00426481
0.00275073
0.00117511
0.000581736
0.00261503
0.00491134
0.00726461
0.00927101
0.0104478
1.22052e-08
3.09699e-07
1.86202e-05
1.40227e-05
0.000166527
7.71167e-05
7.8723e-05
0.000220026
0.000349745
0.000595283
0.000931498
0.00139185
0.00197118
0.00265163
0.00338594
0.00410377
0.00472042
0.00515442
0.00534627
0.00527442
0.00496371
0.00447962
0.00391495
0.00336853
0.00292651
0.00264679
0.00254102
0.00255253
0.00254468
0.00232305
0.00155211
0.000200357
0.00300449
0.00636231
0.009871
0.0133166
0.0165054
0.0194508
0.0217152
0.023054
0.0236994
0.0236618
0.0228771
0.0216022
0.0199744
0.0181054
0.0161345
0.014095
0.012053
0.0100677
0.00816988
0.00635756
0.00457367
0.0027148
0.000649792
0.00171957
0.00436538
0.007048
0.00931526
0.0106382
1.31509e-08
3.00326e-07
1.95503e-05
1.23777e-05
0.000156961
6.34538e-05
6.33222e-05
0.000175697
0.000273978
0.000462741
0.000722642
0.00108617
0.00155876
0.00213916
0.00280173
0.00349773
0.0041584
0.00470401
0.00506101
0.005182
0.00505847
0.0047248
0.00424789
0.00371234
0.00320646
0.00280544
0.00255365
0.00243823
0.00235531
0.00211951
0.00139272
0.00027444
0.00285579
0.00596183
0.00939475
0.0129982
0.0166603
0.0200866
0.0228413
0.0250013
0.0263663
0.0266838
0.0263132
0.0253869
0.0238414
0.021972
0.0199455
0.0177655
0.0155208
0.0132901
0.0111211
0.00902243
0.00693554
0.00474809
0.00232101
0.000442393
0.00349259
0.00654953
0.00910854
0.0105926
1.41203e-08
2.85365e-07
2.04833e-05
1.10334e-05
0.000148679
5.2452e-05
5.13836e-05
0.00013986
0.000212195
0.000352928
0.000545352
0.000818217
0.00118196
0.0016448
0.00219816
0.00281526
0.00344696
0.0040257
0.00447909
0.00474707
0.00479908
0.00463835
0.00430025
0.00384585
0.00335044
0.00289219
0.00254782
0.00235731
0.00222906
0.00202618
0.00141067
1.30056e-05
0.00219049
0.00501728
0.00835857
0.0120684
0.0159078
0.0195947
0.022993
0.0259065
0.0279268
0.0291556
0.0294903
0.0288775
0.0277396
0.0260933
0.024132
0.0219457
0.0195937
0.0171747
0.0147551
0.0123594
0.00993297
0.00736091
0.00450367
0.00127444
0.00224719
0.00573272
0.00861999
0.0102831
1.50944e-08
2.66061e-07
2.14116e-05
9.91811e-06
0.000141369
4.3603e-05
4.22691e-05
0.000111006
0.000162187
0.000262779
0.000397042
0.000588086
0.000846412
0.00118422
0.00160396
0.00209522
0.00262852
0.00315534
0.00361546
0.00395331
0.0041264
0.00411451
0.0039249
0.00359015
0.00316155
0.00270662
0.00232905
0.00212452
0.00202915
0.00192464
0.00149614
0.000454751
0.00132056
0.00376789
0.0068557
0.0104415
0.0143636
0.0183985
0.0222035
0.0255153
0.0282994
0.0304413
0.0315881
0.032033
0.0314295
0.0301127
0.0286113
0.0265867
0.0242808
0.0217825
0.0191624
0.01647
0.0136646
0.0106388
0.00726564
0.00348166
0.000592033
0.00456994
0.00782841
0.00969157
1.60576e-08
2.43437e-07
2.23222e-05
8.96672e-06
0.00013477
3.64948e-05
3.54594e-05
8.78263e-05
0.000121777
0.000188993
0.000273647
0.000392214
0.000552202
0.000764799
0.00103674
0.00136758
0.00174398
0.00213616
0.00250608
0.00281125
0.00300952
0.00307246
0.00298705
0.00275974
0.00241059
0.00193278
0.00156133
0.00140086
0.00141685
0.00149939
0.00141341
0.000849498
0.000393829
0.00236824
0.00507961
0.00843108
0.0122626
0.0163224
0.0203808
0.0242576
0.0276722
0.0303357
0.0324509
0.033868
0.0342481
0.0341228
0.0331162
0.0315819
0.0295559
0.0271408
0.0244195
0.0214488
0.0182223
0.0146594
0.0106653
0.00621825
0.00149665
0.00304748
0.00672684
0.00881412
1.69981e-08
2.17461e-07
2.32242e-05
8.1851e-06
0.000128751
3.09158e-05
3.06441e-05
6.93366e-05
8.93368e-05
0.000128917
0.000171632
0.00022698
0.000297244
0.000389387
0.000508972
0.000659053
0.000835124
0.00102446
0.00120946
0.00136357
0.00145748
0.00146481
0.00136106
0.00114212
0.000703592
0.00015606
0.000188603
0.000263595
2.25677e-05
0.000461602
0.000853691
0.000861742
0.000259067
0.00108686
0.00323121
0.00613523
0.00968318
0.0136746
0.0178696
0.0220059
0.0258691
0.0293477
0.0322391
0.0342701
0.035997
0.0371477
0.0373943
0.0367511
0.035299
0.0332384
0.0305585
0.0273637
0.0236787
0.019482
0.0147424
0.00950518
0.00402367
0.00117122
0.00532594
0.00766461
1.78966e-08
1.88479e-07
2.41264e-05
7.55593e-06
0.000123169
2.66618e-05
2.76025e-05
5.48729e-05
6.37343e-05
8.06608e-05
8.84311e-05
8.97626e-05
8.13048e-05
6.36426e-05
3.67847e-05
1.73153e-06
4.39456e-05
0.000104171
0.00018329
0.000293429
0.00044779
0.000664999
0.000963416
0.00138707
0.00205041
0.00264272
0.00299016
0.00284138
0.00217741
0.00130978
0.000385307
0.000263517
0.000390069
0.00019056
0.00159482
0.00384912
0.00689298
0.0105751
0.0146909
0.019005
0.0232681
0.0272551
0.0308344
0.0339977
0.0366291
0.0387459
0.040545
0.0415947
0.0413993
0.0399313
0.0375583
0.0342265
0.0300664
0.0251348
0.0195077
0.0133358
0.00696898
0.00102881
0.00366084
0.00628006
1.87326e-08
1.57536e-07
2.50279e-05
7.02038e-06
0.000117817
2.34516e-05
2.60323e-05
4.3865e-05
4.43037e-05
4.35075e-05
2.385e-05
1.78062e-05
9.04254e-05
0.000200939
0.000356483
0.000562771
0.000826253
0.00114876
0.0015305
0.00197404
0.00247753
0.003047
0.00368168
0.00444391
0.00532336
0.00602002
0.00634565
0.00594501
0.00500186
0.00375382
0.00235649
0.00107866
0.000187086
8.56029e-05
0.000438777
0.00185769
0.00417924
0.00731683
0.0111133
0.0153609
0.0198258
0.0242893
0.0285738
0.0325234
0.0361997
0.0396086
0.0424593
0.0451853
0.0470756
0.0471239
0.0452248
0.0419681
0.0373454
0.0315934
0.0249327
0.0176685
0.0102803
0.00349315
0.00179586
0.00472526
1.94868e-08
1.2608e-07
2.59177e-05
6.50433e-06
0.000112515
2.09803e-05
2.55913e-05
3.58146e-05
3.05522e-05
1.70535e-05
2.21912e-05
9.51863e-05
0.000215843
0.000397905
0.000655832
0.00100395
0.00145439
0.00201382
0.00268567
0.00346618
0.0043457
0.00531434
0.0063467
0.00748662
0.00860246
0.00950211
0.00985137
0.009375
0.00833911
0.00683682
0.00506269
0.00321776
0.00158695
0.000435107
3.80683e-06
0.000437003
0.00184076
0.0041974
0.00741648
0.0113397
0.0157686
0.0204871
0.0253186
0.0301272
0.0348426
0.0393239
0.043624
0.0475614
0.0513024
0.0537501
0.0534127
0.0503258
0.0453752
0.0387501
0.0309264
0.0224168
0.013866
0.00612564
0.000170178
0.00310071
2.01498e-08
9.54071e-08
2.67831e-05
5.96635e-06
0.000107207
1.90462e-05
2.60158e-05
3.02451e-05
2.17488e-05
1.19069e-07
5.14536e-05
0.000144537
0.000296689
0.000526926
0.000855952
0.00130539
0.00189517
0.00264046
0.00355023
0.00462286
0.0058476
0.0072044
0.00864846
0.0101745
0.0115816
0.0128128
0.0132901
0.0129717
0.0120415
0.0104146
0.00840581
0.00611404
0.00383401
0.00184764
0.00043147
0.000187015
0.000150914
0.00151891
0.00390522
0.00722275
0.0113281
0.016047
0.0212127
0.0266769
0.0323297
0.0380212
0.0436039
0.0490476
0.0541192
0.0585966
0.0608205
0.059049
0.0538173
0.0463815
0.0373142
0.0274268
0.0175821
0.00878546
0.00209654
0.00154736
2.0717e-08
6.61816e-08
2.76094e-05
5.36311e-06
0.00010189
1.74729e-05
2.70358e-05
2.66877e-05
1.71544e-05
8.42909e-06
6.54457e-05
0.000167736
0.000334989
0.00058956
0.000956855
0.00146438
0.00213964
0.00300577
0.00408014
0.00537119
0.00687305
0.00856156
0.0103849
0.0122607
0.0140781
0.0156418
0.0164782
0.0166323
0.0158779
0.0143314
0.0122311
0.00965487
0.00687027
0.00416179
0.00182796
0.000143109
0.000666663
0.000446027
0.000880111
0.00331233
0.00678164
0.0111831
0.0163886
0.0222593
0.0286626
0.0354036
0.0423076
0.04916
0.0556778
0.0615428
0.0659868
0.0667368
0.0622788
0.0540666
0.0437955
0.0324591
0.0212197
0.0112745
0.00379004
0.000257962
2.11881e-08
3.96021e-08
2.83721e-05
4.71227e-06
9.66297e-05
1.61637e-05
2.8458e-05
2.47557e-05
1.59883e-05
1.00965e-05
6.69229e-05
0.000169482
0.000338254
0.000597394
0.000975329
0.00150363
0.00221535
0.00314162
0.0043107
0.00574236
0.00743957
0.0093809
0.0115147
0.0137339
0.0159825
0.0178957
0.0194289
0.0200637
0.0195673
0.0183661
0.0162907
0.0136459
0.0105506
0.00729714
0.00418114
0.00150558
0.000453708
0.00146895
0.00137778
8.64156e-05
0.00243095
0.00615572
0.011031
0.0169546
0.0237963
0.0313489
0.0393706
0.0475529
0.0554879
0.0625861
0.0684295
0.0716351
0.0694436
0.0612759
0.0498798
0.0371528
0.0244812
0.013325
0.00499137
0.000510779
2.1571e-08
1.66157e-08
2.90661e-05
4.04483e-06
9.15399e-05
1.50433e-05
3.0131e-05
2.4077e-05
1.74365e-05
6.54183e-06
5.89618e-05
0.000155076
0.000315118
0.000563832
0.000930961
0.00145061
0.00215978
0.00309668
0.00429883
0.00579597
0.00760119
0.00970471
0.0120653
0.0145926
0.0171869
0.0195887
0.0217019
0.0228223
0.0229674
0.0221781
0.0203546
0.017847
0.0146719
0.0110979
0.00740163
0.00389027
0.000868354
0.00138339
0.00262774
0.00268048
0.00141196
0.00126105
0.0053753
0.010907
0.0177546
0.0257337
0.0345505
0.0438017
0.0529517
0.0613294
0.0680728
0.0726982
0.0732483
0.0669506
0.0549475
0.0409828
0.0269515
0.0145734
0.00535479
0.000416869
2.18822e-08
2.99038e-09
2.96726e-05
3.37449e-06
8.67856e-05
1.40945e-05
3.19556e-05
2.43628e-05
2.07929e-05
7.46407e-07
4.43873e-05
0.000129521
0.000273943
0.000501936
0.000843201
0.00133262
0.00200943
0.00291613
0.00409586
0.00558671
0.00741503
0.00958583
0.0120747
0.0148148
0.0176779
0.0205484
0.0230449
0.0249823
0.0258883
0.025498
0.0242363
0.0219896
0.0189896
0.0153473
0.0113254
0.00720812
0.00329899
9.58977e-05
0.00268436
0.00420681
0.00443715
0.00318086
0.000285431
0.00433119
0.0106516
0.0185246
0.0276526
0.0375646
0.0476179
0.0569814
0.0647452
0.0698948
0.0719597
0.0686473
0.0581996
0.0432894
0.0280551
0.0145134
0.00441209
0.000996529
2.21341e-08
2.01838e-08
3.01954e-05
2.77183e-06
8.25641e-05
1.34769e-05
3.41024e-05
2.5624e-05
2.56688e-05
1.05637e-05
2.57965e-05
9.76004e-05
0.000222711
0.000424175
0.000730539
0.00117597
0.00179997
0.00264663
0.00376229
0.00519219
0.00697474
0.00913186
0.0116584
0.014509
0.0175767
0.0207465
0.0236929
0.0263584
0.0279132
0.0282723
0.0276501
0.0258486
0.0232501
0.0198102
0.0157539
0.0113144
0.00677138
0.00242485
0.00141277
0.00443383
0.00633263
0.00680771
0.00558098
0.0024385
0.0027249
0.00983879
0.0186406
0.0286476
0.0391193
0.0491296
0.0576055
0.0634734
0.065783
0.0642665
0.0569018
0.0430934
0.0270142
0.0125437
0.00154061
0.00436042
2.23267e-08
3.53822e-08
3.06392e-05
2.25789e-06
7.88808e-05
1.31846e-05
3.65717e-05
2.77041e-05
3.16884e-05
2.2128e-05
4.62892e-06
6.18105e-05
0.000165539
0.000337164
0.000603424
0.000996718
0.00155552
0.00232388
0.00335015
0.00468381
0.00637081
0.00844601
0.0109233
0.013779
0.0169415
0.0202754
0.0236518
0.0266685
0.0291236
0.0304066
0.030307
0.0293178
0.0272335
0.0242728
0.0204763
0.0160409
0.0111811
0.00615755
0.00126878
0.00316642
0.00679379
0.00922594
0.0100622
0.00894124
0.00560981
3.58361e-07
0.0077102
0.0170814
0.0273458
0.037494
0.0463379
0.0526818
0.0554757
0.0542097
0.0485795
0.0375519
0.0226819
0.00762553
0.00401607
0.0103201
2.24601e-08
4.80396e-08
3.09986e-05
1.80104e-06
7.56546e-05
1.30425e-05
3.91142e-05
3.02397e-05
3.83618e-05
3.47449e-05
1.80775e-05
2.3795e-05
0.000105172
0.000245473
0.000469316
0.000806968
0.00129479
0.00197547
0.00289732
0.00411122
0.0056682
0.00761177
0.00996814
0.0127376
0.0158798
0.0192969
0.0228686
0.0262925
0.0294659
0.0315633
0.0324184
0.0322101
0.0308117
0.0285584
0.0253105
0.0212087
0.0163868
0.0110325
0.00538372
0.000266262
0.00555589
0.0100461
0.0132356
0.0146194
0.0137711
0.0104462
0.00466396
0.00322737
0.0125144
0.0221524
0.0308847
0.037393
0.0405822
0.0396003
0.0343713
0.0253106
0.0124499
0.00176366
0.0134194
0.0201512
2.25412e-08
5.82614e-08
3.12628e-05
1.39388e-06
7.28788e-05
1.29807e-05
4.16517e-05
3.30677e-05
4.54185e-05
4.79306e-05
4.14895e-05
1.50498e-05
4.38619e-05
0.000152669
0.000333687
0.000614721
0.00102968
0.00161886
0.00242853
0.00350944
0.00491401
0.00669159
0.00888083
0.0115028
0.0145465
0.0179556
0.021607
0.0253862
0.0288691
0.0320147
0.0338421
0.0342444
0.0339733
0.0325059
0.0301143
0.0266656
0.0222474
0.0169459
0.0109059
0.00434529
0.00241142
0.00891821
0.0146124
0.018859
0.0210555
0.020749
0.017745
0.0122188
0.0047655
0.00361527
0.0116574
0.0179816
0.021352
0.0208776
0.0161272
0.00785918
0.00343247
0.0159538
0.0271779
0.0339463
2.25657e-08
6.6502e-08
3.14397e-05
1.07178e-06
7.05903e-05
1.30326e-05
4.4214e-05
3.61229e-05
5.26833e-05
6.13432e-05
6.50751e-05
5.3945e-05
1.72572e-05
6.04187e-05
0.000199068
0.000423864
0.000765943
0.00126282
0.00195807
0.00290102
0.00414376
0.00573905
0.00773481
0.0101647
0.0130399
0.0163374
0.0199831
0.0238518
0.0277429
0.0314229
0.0342339
0.0359781
0.036611
0.0361825
0.0348253
0.0323107
0.0286433
0.0237803
0.0177496
0.0106641
0.00275498
0.00558098
0.0137587
0.0210548
0.0266959
0.0300094
0.0305504
0.0282429
0.0234777
0.0171241
0.0103901
0.00465905
0.00125352
0.00122805
0.00499366
0.0124637
0.0222474
0.0330226
0.0426071
0.0482449
2.25356e-08
7.32664e-08
3.15387e-05
8.24439e-07
6.87768e-05
1.32244e-05
4.68605e-05
3.94441e-05
6.0129e-05
7.48052e-05
8.83827e-05
9.1991e-05
7.66328e-05
2.87933e-05
6.92678e-05
0.000240209
0.000512316
0.000920265
0.00150474
0.00231217
0.0033937
0.00480231
0.00658997
0.00880054
0.011461
0.0145743
0.0181079
0.0219749
0.0260975
0.0301111
0.0341168
0.0371392
0.0387345
0.0395943
0.0393068
0.0380039
0.035389
0.031342
0.0257397
0.0185494
0.00988307
4.49831e-05
0.0104195
0.0207383
0.0300034
0.0373223
0.0419892
0.0436135
0.0422938
0.0386765
0.0338389
0.0291022
0.0258263
0.0251601
0.0277093
0.0333941
0.0415275
0.050334
0.0578036
0.0621169
2.24411e-08
7.85322e-08
3.15536e-05
6.30686e-07
6.72658e-05
1.35388e-05
4.97174e-05
4.31723e-05
6.80355e-05
8.86847e-05
0.000111798
0.00012947
0.000134267
0.000114498
5.45819e-05
6.57055e-05
0.000271856
0.000595499
0.00107422
0.00175147
0.00267579
0.00389923
0.00547432
0.00745263
0.00987449
0.0127676
0.0161355
0.0199481
0.0241385
0.0286163
0.0331184
0.0373946
0.0405398
0.0424501
0.0436147
0.0435973
0.0423088
0.0393827
0.0345776
0.0276974
0.0187038
0.0077748
0.00462166
0.0177207
0.0305308
0.0419757
0.0510585
0.0570778
0.0597646
0.0594528
0.05698
0.0535658
0.0505572
0.0491794
0.0502044
0.0537805
0.0593627
0.0657635
0.0714004
0.0747431
2.22754e-08
8.23185e-08
3.14964e-05
5.08767e-07
6.60267e-05
1.39434e-05
5.27724e-05
4.72397e-05
7.64078e-05
0.000103142
0.000135788
0.000167315
0.000191709
0.000198918
0.000175335
0.000103104
4.0501e-05
0.000284072
0.000661764
0.00121373
0.00198542
0.0030269
0.00439109
0.00613174
0.00830034
0.0109414
0.0140906
0.0177627
0.0219456
0.0265904
0.031583
0.0367537
0.0415949
0.0451853
0.047563
0.0490556
0.0491784
0.0475856
0.0438494
0.0376233
0.028709
0.0171445
0.00327617
0.0121893
0.0282178
0.0435928
0.0570674
0.0675882
0.0745262
0.0778244
0.0780018
0.0761208
0.0734721
0.0713416
0.0706625
0.0718569
0.0747423
0.0784524
0.0818959
0.084029
2.20273e-08
8.49347e-08
3.13772e-05
4.4374e-07
6.4968e-05
1.44283e-05
5.60547e-05
5.16576e-05
8.52767e-05
0.000118253
0.000160596
0.000206077
0.000249971
0.0002837
0.000295412
0.000269292
0.000185165
1.73269e-05
0.000265221
0.000698972
0.00132639
0.00219478
0.00335601
0.00486541
0.00678019
0.00915765
0.0120547
0.0155218
0.0195951
0.024284
0.0295602
0.0353047
0.0414077
0.0470858
0.0513124
0.0541344
0.0557043
0.0555267
0.0529996
0.047672
0.039177
0.0274013
0.0125608
0.00473641
0.0234551
0.0422828
0.0597619
0.0745273
0.0855615
0.0924322
0.0953023
0.0949997
0.092717
0.0897464
0.0872545
0.0859477
0.0859962
0.0870682
0.0884716
0.0894497
2.16928e-08
8.63999e-08
3.11878e-05
4.33361e-07
6.40213e-05
1.50402e-05
5.97813e-05
5.6711e-05
9.51143e-05
0.00013466
0.000186987
0.000246609
0.00031001
0.000369933
0.000416161
0.000434666
0.000407423
0.000311418
0.000118514
0.000204393
0.000696244
0.0014017
0.00237068
0.00365862
0.00532717
0.00744174
0.0100732
0.0132958
0.0171806
0.0217886
0.0271485
0.0332491
0.0399477
0.0471448
0.0537726
0.0586192
0.0615687
0.0626229
0.0613733
0.0570264
0.0491704
0.0375354
0.0221909
0.00363974
0.0171113
0.0386763
0.0594546
0.0778211
0.0924227
0.102446
0.107719
0.108794
0.106751
0.102878
0.098543
0.0947588
0.0920621
0.0905596
0.0899169
0.0897317
2.12604e-08
8.74963e-08
3.09495e-05
5.27217e-07
6.31274e-05
1.60014e-05
6.44656e-05
6.30393e-05
0.000106868
0.000153605
0.000216539
0.000290771
0.000373857
0.000459699
0.000539548
0.000601018
0.000628007
0.000599899
0.000491245
0.000271747
9.43249e-05
0.000648535
0.00143908
0.00252045
0.0039551
0.00581416
0.00817678
0.0111305
0.0147666
0.019176
0.0244345
0.0305766
0.0375799
0.0452521
0.0534478
0.0608602
0.0660243
0.0684651
0.0681097
0.0647816
0.0576362
0.0463707
0.0309143
0.011676
0.010375
0.033832
0.056976
0.0780071
0.095311
0.107731
0.114827
0.116827
0.114696
0.109802
0.103624
0.097464
0.0922442
0.0883446
0.0859021
0.0846743
2.07071e-08
8.894e-08
3.06931e-05
7.68517e-07
6.21218e-05
1.75112e-05
7.06888e-05
7.13451e-05
0.000121651
0.000176665
0.000251412
0.000341399
0.000445083
0.000557304
0.000670563
0.000773924
0.000853015
0.000889479
0.000860289
0.000737776
0.000489007
7.50576e-05
0.00054984
0.0014393
0.00265532
0.00426975
0.00636467
0.00903272
0.0123739
0.0164891
0.0214717
0.0273894
0.0342548
0.0420012
0.0503665
0.0590987
0.0667863
0.071674
0.0727336
0.0699332
0.0635036
0.0527084
0.0374308
0.01801
0.00463986
0.0290811
0.0535566
0.0761194
0.094999
0.108795
0.11684
0.119152
0.116555
0.110456
0.102441
0.0940648
0.0865781
0.0806405
0.0766659
0.0746066
2.00042e-08
9.15025e-08
3.04616e-05
1.23155e-06
6.07939e-05
1.98518e-05
7.92742e-05
8.26369e-05
0.00014106
0.000206087
0.00029468
0.000402582
0.00052899
0.000669479
0.000817585
0.000963644
0.0010948
0.00119477
0.00124292
0.00121402
0.00107789
0.000797991
0.000330914
0.00037493
0.00138027
0.00275549
0.00458082
0.00694574
0.00994683
0.0136827
0.0182453
0.0237063
0.0300981
0.0373823
0.0454193
0.0538663
0.062329
0.0694877
0.0732792
0.0719907
0.0658081
0.0555012
0.0406174
0.0213986
0.0012121
0.0257952
0.0505526
0.0734798
0.0927001
0.106731
0.114708
0.116562
0.113019
0.105485
0.0957065
0.0853796
0.0759995
0.0684851
0.0633541
0.0607118
1.91069e-08
9.61429e-08
3.0339e-05
2.06027e-06
5.88564e-05
2.34618e-05
9.14403e-05
9.83699e-05
0.000167309
0.000244911
0.000350456
0.000479734
0.000632646
0.000805413
0.00099246
0.00118543
0.00137285
0.00154015
0.00166911
0.00173692
0.00171564
0.00157149
0.00126336
0.000742255
4.95309e-05
0.00117879
0.00272076
0.00475724
0.00737401
0.0106562
0.0146813
0.0195091
0.0251675
0.0316323
0.0387962
0.0464308
0.0541138
0.0613219
0.0669858
0.0686673
0.0642748
0.0542264
0.0396626
0.0209553
0.00116309
0.0251238
0.0491752
0.0713544
0.0897521
0.102868
0.109807
0.110464
0.105491
0.0963451
0.084882
0.0729777
0.0622191
0.0536548
0.0478227
0.0448593
1.79541e-08
1.03655e-07
3.04697e-05
3.48827e-06
5.58947e-05
2.89078e-05
0.000108791
0.000120418
0.000203215
0.000296982
0.000423923
0.000579764
0.000765176
0.00097711
0.00121099
0.00145971
0.00171344
0.00195913
0.00218048
0.002357
0.00246303
0.00246698
0.00233047
0.00200752
0.00144444
0.000580109
0.000653132
0.00232709
0.00451365
0.00728053
0.0106854
0.0147681
0.0195408
0.024974
0.0309754
0.0373636
0.0438412
0.0499248
0.0549945
0.0582382
0.05693
0.0486234
0.0344529
0.0162168
0.00492919
0.027686
0.0502128
0.0706781
0.087271
0.0985694
0.103636
0.102445
0.0957045
0.0848772
0.0719417
0.0588691
0.0473394
0.0383537
0.0323721
0.0293753
1.6469e-08
1.13404e-07
3.10699e-05
5.84691e-06
5.13612e-05
3.67864e-05
0.000133144
0.000150861
0.000251799
0.000366314
0.000520361
0.000709546
0.000935538
0.00119622
0.00148828
0.00180607
0.0021414
0.00248301
0.002816
0.00312142
0.00337547
0.00354869
0.0036051
0.00350218
0.00319079
0.00261621
0.00171978
0.000440867
0.00127894
0.00349086
0.00623384
0.00952745
0.013365
0.0177052
0.0224591
0.0274728
0.0325036
0.0371929
0.0410235
0.0433354
0.0431452
0.0376181
0.0253788
0.00791522
0.0124276
0.033408
0.0538298
0.0718928
0.0859979
0.0947967
0.0974826
0.0940657
0.0853729
0.0729704
0.0588623
0.0451414
0.0334501
0.0246938
0.0190982
0.016397
1.46138e-08
1.21728e-07
3.2374e-05
9.51695e-06
4.48702e-05
4.75779e-05
0.00016598
0.000191384
0.000315209
0.000455385
0.000642522
0.000872129
0.00114716
0.0014667
0.00182895
0.00222985
0.00266287
0.00311825
0.0035824
0.00403735
0.00446027
0.00482293
0.00509166
0.00522702
0.0051844
0.0049152
0.00436885
0.00349539
0.00224844
0.000590234
0.00150335
0.00403676
0.0069886
0.0103065
0.0138979
0.0176188
0.0212568
0.0245122
0.0269742
0.0280806
0.0270476
0.0227132
0.0124847
0.00339388
0.0222508
0.0416026
0.0594577
0.07483
0.0860922
0.0921074
0.0922278
0.086567
0.0759894
0.0622032
0.0473249
0.0334399
0.0221424
0.0141782
0.0094327
0.00729667
1.2498e-08
1.22653e-07
3.44545e-05
1.46973e-05
3.69757e-05
6.13156e-05
0.000206875
0.00024139
0.000391571
0.000560552
0.000784168
0.00105789
0.00138615
0.00176939
0.00220738
0.0026976
0.00323492
0.00381086
0.00441288
0.00502359
0.00562059
0.00617627
0.00665801
0.00702881
0.00724765
0.00727084
0.00705416
0.00655516
0.00573738
0.00457278
0.00304782
0.00116758
0.00103796
0.00350815
0.00614572
0.00880912
0.0112996
0.0133473
0.014589
0.0145242
0.0125512
0.00763144
0.00174639
0.0159618
0.0331012
0.0504641
0.0659148
0.0786019
0.0871858
0.0906208
0.0883521
0.0806133
0.0684405
0.0536304
0.0383305
0.0246802
0.0141716
0.00733813
0.00370967
0.00228022
1.0522e-08
1.14882e-07
3.691e-05
2.07115e-05
2.97753e-05
7.63497e-05
0.000249827
0.000293512
0.000468813
0.000664366
0.000920842
0.00123381
0.00160912
0.00204853
0.00255317
0.00312177
0.00375038
0.00443136
0.0051527
0.00589759
0.00664373
0.00736335
0.00802396
0.00859009
0.00902265
0.00928136
0.0093259
0.00911902
0.00862963
0.00783688
0.00673337
0.00532967
0.00366132
0.0017923
0.000177844
0.00210732
0.0038021
0.00500161
0.00535937
0.00441108
0.00153377
0.00402682
0.0134442
0.0272599
0.0427712
0.0579846
0.071613
0.0821078
0.0886122
0.0900106
0.0859095
0.0766186
0.0632879
0.0477785
0.032331
0.0190783
0.00942441
0.00370764
0.00113751
0.000370888
9.24569e-09
1.05213e-07
3.86442e-05
2.52021e-05
2.55913e-05
8.74277e-05
0.000279715
0.000329623
0.000520933
0.000732771
0.001009
0.00134523
0.0017483
0.00222081
0.00276476
0.00337972
0.00406228
0.00480533
0.00559721
0.00642111
0.00725463
0.00807002
0.00883463
0.0095132
0.0100678
0.0104596
0.0106507
0.0106058
0.0102969
0.00970547
0.00882727
0.00767569
0.00628759
0.00472916
0.00310099
0.00154515
0.000254437
0.00051312
0.000415133
0.00100372
0.00437649
0.0103506
0.0202099
0.0340787
0.0484307
0.0622939
0.0749495
0.0841903
0.0895799
0.0898464
0.0847304
0.0745999
0.0606543
0.0447952
0.029334
0.0163743
0.0072848
0.00227658
0.00036996
1.54239e-05
)
;

boundaryField
{
    symmetry1
    {
        type            symmetryPlane;
    }
    symmetry2
    {
        type            symmetryPlane;
    }
    wall
    {
        type            calculated;
        value           nonuniform List<scalar> 
120
(
2.1291e-10
3.05505e-10
4.3425e-10
5.63487e-10
6.66902e-10
7.47857e-10
8.13327e-10
8.67857e-10
9.12134e-10
9.45789e-10
9.67641e-10
9.77027e-10
9.71427e-10
9.496e-10
9.10745e-10
8.57344e-10
7.89771e-10
7.02491e-10
5.96687e-10
4.71053e-10
3.26448e-10
1.62097e-10
2.51868e-11
2.36511e-10
4.65833e-10
7.05735e-10
9.47843e-10
1.18321e-09
1.40078e-09
1.59253e-09
1.75369e-09
1.88306e-09
1.97486e-09
2.0245e-09
2.02694e-09
1.97486e-09
1.8642e-09
1.69909e-09
1.54046e-09
1.39416e-09
9.37422e-10
1.13781e-10
7.88009e-10
1.9138e-09
3.49814e-09
5.48986e-09
7.74576e-09
9.90614e-09
1.14723e-08
1.17984e-08
1.07585e-08
9.21099e-09
8.7708e-09
1.03916e-08
1.10101e-08
7.40914e-09
2.79771e-09
5.22035e-10
3.31134e-11
3.08627e-14
3.111e-14
3.31027e-11
5.21952e-10
2.7974e-09
7.40843e-09
1.1009e-08
1.03905e-08
8.76999e-09
9.21041e-09
1.0758e-08
1.17976e-08
1.1472e-08
9.90613e-09
7.74478e-09
5.48842e-09
3.4965e-09
1.91473e-09
7.88406e-10
1.16825e-10
9.38142e-10
1.39239e-09
1.53946e-09
1.69874e-09
1.86391e-09
1.97531e-09
2.02756e-09
2.02475e-09
1.97366e-09
1.8824e-09
1.75412e-09
1.59203e-09
1.40115e-09
1.18411e-09
9.47158e-10
7.03657e-10
4.64552e-10
2.3744e-10
2.70282e-11
1.62364e-10
3.29112e-10
4.72733e-10
5.94747e-10
6.9871e-10
7.87652e-10
8.56997e-10
9.10742e-10
9.49757e-10
9.71458e-10
9.76909e-10
9.67139e-10
9.44978e-10
9.11453e-10
8.67328e-10
8.12739e-10
7.4719e-10
6.66397e-10
5.63151e-10
4.34012e-10
3.05329e-10
2.1274e-10
)
;
    }
    left
    {
        type            cyclic;
    }
    right
    {
        type            cyclic;
    }
}


// ************************************************************************* //
