/*--------------------------------*- C++ -*----------------------------------*\
| =========                 |                                                 |
| \\      /  F ield         | OpenFOAM: The Open Source CFD Toolbox           |
|  \\    /   O peration     | Version:  2212                                  |
|   \\  /    A nd           | Website:  www.openfoam.com                      |
|    \\/     M anipulation  |                                                 |
\*---------------------------------------------------------------------------*/
FoamFile
{
    version     2.0;
    format      ascii;
    arch        "LSB;label=32;scalar=64";
    class       volScalarField;
    location    "1";
    object      k;
}
// * * * * * * * * * * * * * * * * * * * * * * * * * * * * * * * * * * * * * //

dimensions      [0 2 -2 0 0 0 0];

internalField   nonuniform List<scalar> 
10368
(
0.0140925
0.0148414
0.0146051
0.0143466
0.0140978
0.0138254
0.0134739
0.0129681
0.0122296
0.0111953
0.00983395
0.00817896
0.00630641
0.00435991
0.002534
0.00100653
0.000249375
0.000160098
0.000133702
0.000838689
0.00563233
0.0190055
0.0401993
0.0568447
0.0592878
0.0652049
0.0729604
0.0728416
0.0693762
0.0665936
0.0644921
0.0628448
0.061818
0.0612482
0.060381
0.0593393
0.0581753
0.0570026
0.0556415
0.0542429
0.0523741
0.0505623
0.048835
0.0469032
0.04497
0.0427241
0.0405193
0.0378876
0.0344566
0.0311662
0.0278325
0.0243608
0.0204004
0.0153773
0.0104147
0.00670105
0.00316267
0.000337609
0.000603162
0.00108255
0.000591255
0.000353412
0.000245431
0.000169069
0.000125674
9.2279e-05
7.07967e-05
5.5527e-05
4.55962e-05
3.74915e-05
3.26145e-05
3.11511e-05
3.04962e-05
2.90499e-05
2.75222e-05
2.6119e-05
2.56331e-05
2.62444e-05
2.73883e-05
2.85093e-05
2.94098e-05
3.04699e-05
3.17237e-05
3.33149e-05
3.50347e-05
3.70607e-05
3.91182e-05
4.14764e-05
4.38497e-05
4.63476e-05
4.95761e-05
5.311e-05
5.74169e-05
6.27061e-05
6.82747e-05
7.39584e-05
8.05195e-05
8.77923e-05
9.68715e-05
0.00010636
0.0001158
0.00012623
0.000137323
0.000150012
0.000164161
0.000179452
0.000195496
0.000211572
0.0002279
0.000245219
0.000263319
0.000283048
0.000304159
0.000325803
0.000347829
0.000368837
0.000388831
0.000409067
0.00043086
0.000451664
0.000469128
0.000482952
0.000495994
0.000507562
0.000517726
0.000526854
0.000536498
0.0005488
0.000563158
0.000580992
0.000606894
0.000654029
0.000713952
0.000761332
0.000796699
0.000840099
0.000894136
0.000896041
0.000856711
0.000884158
0.000940681
0.000971868
0.00100396
0.00103169
0.00105961
0.00108659
0.0011137
0.00114065
0.00116771
0.00119423
0.00122062
0.00124501
0.00126792
0.00129104
0.00131505
0.00133488
0.00134561
0.0013372
0.00130603
0.00125254
0.00117231
0.00106096
0.000914352
0.000736033
0.000536584
0.000336727
0.000166607
5.85027e-05
9.23714e-05
0.000287057
0.000650046
0.00117226
0.0018158
0.00252761
0.00325548
0.0039622
0.00462972
0.00525137
0.00582514
0.00635425
0.00683845
0.00728882
0.00770942
0.00809143
0.00843993
0.00873476
0.00902339
0.00925263
0.00951894
0.00970737
0.00989882
0.0102123
0.0095171
0.0104054
0.0102306
0.0100201
0.00981173
0.00959156
0.00931944
0.00894089
0.00840376
0.00767029
0.00672728
0.00561429
0.0043883
0.0031628
0.00200913
0.00107953
0.000407947
0.000119122
0.000305935
0.000993585
0.00267132
0.00767251
0.0159575
0.0275171
0.0365804
0.0460571
0.0544175
0.0588779
0.0596167
0.0584743
0.0569324
0.0554483
0.0542859
0.0535156
0.052666
0.0517626
0.0506951
0.0496089
0.0483266
0.0470377
0.0454186
0.0438627
0.0421944
0.0405429
0.0387916
0.0369745
0.0350992
0.0329983
0.030602
0.0281881
0.0256834
0.0230792
0.0202415
0.0168305
0.0136227
0.0105136
0.00707158
0.003378
0.00121739
0.000449531
0.000201368
0.00012764
8.23079e-05
5.01612e-05
3.32543e-05
2.26253e-05
1.58616e-05
1.14832e-05
9.00119e-06
7.29895e-06
6.44962e-06
6.16934e-06
6.13884e-06
5.99087e-06
5.84663e-06
5.74401e-06
5.80759e-06
6.08473e-06
6.48718e-06
6.92226e-06
7.35018e-06
7.83484e-06
8.39007e-06
9.04418e-06
9.76921e-06
1.05935e-05
1.14814e-05
1.24714e-05
1.35307e-05
1.46651e-05
1.59905e-05
1.74519e-05
1.91226e-05
2.10597e-05
2.31567e-05
2.53579e-05
2.77964e-05
3.04753e-05
3.35822e-05
3.69235e-05
4.03475e-05
4.40491e-05
4.79957e-05
5.23635e-05
5.71704e-05
6.23614e-05
6.78379e-05
7.34542e-05
7.92147e-05
8.52924e-05
9.16779e-05
9.85281e-05
0.000105844
0.000113472
0.000121323
0.000129129
0.000136852
0.00014478
0.000153178
0.000161622
0.000169515
0.000176798
0.000183945
0.000191023
0.00019792
0.000204792
0.000211813
0.000219551
0.000227824
0.000236875
0.0002475
0.000262784
0.000284215
0.000303634
0.000318507
0.000335712
0.000357279
0.000369668
0.000364207
0.000371914
0.000398529
0.000413676
0.000431222
0.000447488
0.000464528
0.000482111
0.000500513
0.000520004
0.000540683
0.000562718
0.000586322
0.000611411
0.000638256
0.000668665
0.000706885
0.000750002
0.000796373
0.000841501
0.000881905
0.000920859
0.000962875
0.00100442
0.00104407
0.0010805
0.00111431
0.00114622
0.00117868
0.00121545
0.00126702
0.00135682
0.0014758
0.00161871
0.0017968
0.0020089
0.00224965
0.00251756
0.00280865
0.00311799
0.00343794
0.00376165
0.00407876
0.00438941
0.00468918
0.00496724
0.00522582
0.00544618
0.00566678
0.00584027
0.00604852
0.00618852
0.00634444
0.00659026
0.0560067
0.0618741
0.0608248
0.0595332
0.0582475
0.0568988
0.055247
0.0529664
0.0497515
0.0453868
0.0398048
0.0332626
0.0261018
0.0190154
0.0123312
0.00699942
0.00278326
0.000721435
0.00214052
0.00652958
0.0140211
0.0371842
0.0762874
0.143993
0.20813
0.271472
0.324516
0.357435
0.366726
0.361483
0.35254
0.343502
0.336136
0.331146
0.325885
0.320407
0.313846
0.307147
0.299198
0.291232
0.281327
0.271815
0.261372
0.251261
0.240403
0.229384
0.217877
0.205147
0.191066
0.176688
0.161666
0.146035
0.12917
0.109149
0.0905425
0.0713271
0.0494321
0.024876
0.00847176
0.0022303
0.000885851
0.000583577
0.000358206
0.00019797
0.00011703
7.25344e-05
4.44763e-05
2.77302e-05
1.95664e-05
1.53199e-05
1.40775e-05
1.3517e-05
1.39711e-05
1.43748e-05
1.48925e-05
1.55921e-05
1.65752e-05
1.80057e-05
1.98138e-05
2.18883e-05
2.41399e-05
2.66485e-05
2.94814e-05
3.26996e-05
3.63124e-05
4.03462e-05
4.4821e-05
4.97444e-05
5.51683e-05
6.10228e-05
6.7539e-05
7.47513e-05
8.27176e-05
9.16458e-05
0.000101475
0.000111961
0.000123301
0.000135691
0.000149388
0.000164407
0.000180091
0.000196814
0.00021467
0.000234003
0.000255085
0.000277841
0.00030194
0.000327047
0.000352968
0.000380217
0.000408947
0.000439442
0.000471968
0.000506263
0.000541822
0.000578109
0.000614836
0.000652832
0.000692716
0.000733974
0.000774605
0.000814489
0.00085418
0.000894891
0.000935721
0.000977437
0.00101973
0.00106459
0.00111129
0.00116015
0.00121231
0.00127705
0.00137435
0.00146966
0.00154362
0.0016266
0.00173105
0.00182144
0.00182171
0.00185056
0.00198999
0.00207035
0.00216767
0.00225999
0.00235788
0.00246081
0.0025697
0.00268688
0.00281281
0.00294938
0.0030978
0.00325938
0.00343558
0.0036381
0.00389791
0.0041986
0.00453309
0.00487827
0.00521201
0.00555822
0.00595518
0.00638113
0.0068297
0.00728743
0.00774765
0.00819412
0.00861368
0.00900052
0.00934954
0.00981559
0.0103233
0.0108429
0.0114978
0.0123344
0.0133673
0.0146242
0.0160942
0.0177476
0.0195296
0.0213858
0.0232394
0.0250799
0.0268702
0.028539
0.0300976
0.031428
0.0327664
0.0338165
0.0350862
0.0359297
0.0368884
0.0383875
0.215161
0.237066
0.233121
0.228253
0.223399
0.218307
0.212072
0.20346
0.191307
0.174777
0.153578
0.128646
0.101239
0.0739959
0.0481609
0.0274675
0.0109653
0.00282765
0.00842603
0.0255995
0.0541477
0.140926
0.283225
0.526909
0.758636
0.983005
1.16641
1.28422
1.32236
1.30864
1.28067
1.25145
1.2273
1.21104
1.19387
1.17592
1.154
1.13144
1.10434
1.07704
1.04282
1.00977
0.973048
0.93746
0.89892
0.859768
0.818562
0.772857
0.722233
0.6701
0.615216
0.557748
0.495472
0.421049
0.351344
0.278242
0.194151
0.0984761
0.0335497
0.00868301
0.00341684
0.00225542
0.00138112
0.00075863
0.000444564
0.00027338
0.000165521
0.000101475
7.06006e-05
5.4982e-05
5.07765e-05
4.87659e-05
5.06511e-05
5.24622e-05
5.47358e-05
5.77094e-05
6.16648e-05
6.72226e-05
7.41933e-05
8.2222e-05
9.09846e-05
0.000100739
0.000111745
0.000124222
0.000138241
0.000153877
0.000171251
0.000190353
0.000211431
0.000234192
0.000259458
0.000287428
0.000318262
0.000352748
0.000390752
0.000431337
0.000475162
0.000523029
0.000575787
0.000633703
0.000694256
0.000758761
0.000827644
0.000902116
0.000983279
0.00107087
0.00116365
0.00126041
0.00136034
0.00146537
0.00157612
0.00169359
0.00181886
0.00195104
0.00208813
0.00222824
0.00237025
0.00251723
0.00267142
0.00283116
0.00298892
0.00314429
0.00329904
0.00345802
0.0036177
0.00378104
0.00394658
0.00412187
0.00430411
0.00449435
0.00469645
0.00494493
0.0053201
0.00568844
0.00597484
0.00629568
0.00669919
0.00705476
0.00706215
0.00717291
0.00771424
0.00802609
0.00840503
0.00876484
0.00914666
0.00954844
0.00997371
0.0104317
0.0109241
0.0114586
0.0120398
0.0126731
0.0133644
0.0141592
0.0151797
0.0163618
0.0176786
0.0190406
0.0203615
0.0217355
0.0233143
0.0250127
0.0268068
0.0286429
0.030493
0.0322893
0.0339742
0.0355182
0.0368877
0.0386882
0.0406193
0.0425651
0.045017
0.0481664
0.0520779
0.0568654
0.0624883
0.0688297
0.0756743
0.0828087
0.0899334
0.0970058
0.103881
0.110284
0.116261
0.121357
0.126483
0.1305
0.135358
0.138579
0.142245
0.147968
0.581467
0.632957
0.623152
0.610963
0.598756
0.585936
0.57022
0.548459
0.517614
0.475361
0.420616
0.35537
0.28246
0.208658
0.13725
0.0790127
0.0317565
0.00819527
0.0243534
0.0735146
0.15268
0.378918
0.717017
1.26382
1.77813
2.26012
2.63644
2.89178
2.99371
2.98543
2.94276
2.89378
2.85209
2.82493
2.79588
2.76515
2.72542
2.68374
2.63189
2.57907
2.51123
2.44493
2.36906
2.29529
2.21375
2.1306
2.04143
1.94173
1.83067
1.71409
1.58891
1.45554
1.30896
1.13012
0.958753
0.771613
0.549363
0.284966
0.0980332
0.0252438
0.00988859
0.00652843
0.00400083
0.00219761
0.00128671
0.000790697
0.000478221
0.000292636
0.000203185
0.000158071
0.000145988
0.000140164
0.000145634
0.000150944
0.000157597
0.000166275
0.000177755
0.000193834
0.00021399
0.000237219
0.000262589
0.000290827
0.000322685
0.000358795
0.000399366
0.000444615
0.000494903
0.000550187
0.000611198
0.000677089
0.000750204
0.000831147
0.000920358
0.0010201
0.00113003
0.00124743
0.00137418
0.00151261
0.00166512
0.00183253
0.00200757
0.00219402
0.0023931
0.00260827
0.00284273
0.00309571
0.00336364
0.00364304
0.00393156
0.00423476
0.00455446
0.00489347
0.00525491
0.0056362
0.00603161
0.00643572
0.00684532
0.00726927
0.00771389
0.00817444
0.00862938
0.00907765
0.00952419
0.00998306
0.010444
0.0109157
0.0113938
0.0118998
0.0124258
0.0129748
0.0135577
0.0142725
0.0153533
0.0164098
0.0172331
0.0181556
0.019313
0.0203345
0.0203614
0.0206842
0.0222394
0.0231341
0.0242231
0.0252571
0.0263545
0.0275093
0.0287316
0.0300478
0.0314629
0.032999
0.0346693
0.0364895
0.0384763
0.0407603
0.0436917
0.0470867
0.0508693
0.0547857
0.0585908
0.0625556
0.067117
0.0720329
0.0772367
0.0825746
0.0879629
0.0931987
0.098102
0.102568
0.106476
0.111546
0.116893
0.122184
0.12883
0.137382
0.148025
0.161078
0.176416
0.193697
0.212313
0.231664
0.250924
0.269977
0.288429
0.305553
0.321479
0.335017
0.3486
0.35921
0.372022
0.380481
0.390119
0.405106
1.1889
1.27131
1.25426
1.23268
1.21088
1.18797
1.15985
1.12078
1.06505
0.987876
0.886218
0.762288
0.619516
0.469549
0.31758
0.187714
0.0769773
0.0199979
0.0590235
0.174802
0.346671
0.780331
1.34267
2.20124
3.00792
3.74684
4.29732
4.69408
4.88424
4.90761
4.87268
4.82229
4.77727
4.75045
4.72085
4.68906
4.64308
4.59342
4.52791
4.46033
4.37021
4.2812
4.17495
4.07152
3.95413
3.83433
3.70287
3.55484
3.38953
3.21252
3.01777
2.80613
2.57031
2.27574
1.98707
1.65112
1.22877
0.676466
0.24134
0.0619207
0.024085
0.0159092
0.00976668
0.00536992
0.00314431
0.00193247
0.00116894
0.000715033
0.000495999
0.000385646
0.000355988
0.000341652
0.000354938
0.000367912
0.000384164
0.00040535
0.000433348
0.000472539
0.000521673
0.000578314
0.000640191
0.000709058
0.000786749
0.000874801
0.000973731
0.00108406
0.00120667
0.00134146
0.0014902
0.00165085
0.00182908
0.00202637
0.00224379
0.00248681
0.00275458
0.00304056
0.00334925
0.00368634
0.00405752
0.00446483
0.00489067
0.0053441
0.00582814
0.00635113
0.00692069
0.00753498
0.00818524
0.00886308
0.00956283
0.0102979
0.0110725
0.0118936
0.0127684
0.0136908
0.0146468
0.0156234
0.016613
0.017637
0.0187103
0.0198214
0.0209186
0.0220003
0.0230779
0.0241852
0.0252979
0.0264366
0.0275909
0.0288123
0.0300813
0.031405
0.0328095
0.034523
0.0371221
0.0396396
0.0416093
0.0438152
0.0465715
0.049011
0.0490962
0.0498845
0.0535944
0.0557241
0.0583216
0.0607873
0.0634039
0.0661566
0.0690693
0.0722051
0.0755757
0.0792335
0.08321
0.0875438
0.0922735
0.0977061
0.104669
0.112726
0.121704
0.13102
0.140112
0.149625
0.1606
0.172477
0.185111
0.198136
0.211333
0.224167
0.236118
0.246808
0.255812
0.267065
0.278377
0.288974
0.302216
0.319417
0.341035
0.367785
0.399336
0.434882
0.473048
0.512514
0.551536
0.589875
0.626728
0.660676
0.692046
0.718538
0.745008
0.76555
0.790308
0.806503
0.825023
0.853588
1.93845
2.03943
2.01686
1.98719
1.95692
1.92509
1.88605
1.83169
1.75378
1.6449
1.49935
1.31814
1.10288
0.867543
0.61466
0.382933
0.164975
0.0438842
0.127597
0.359919
0.655358
1.29551
2.01753
3.09622
4.12767
5.07017
5.74389
6.25886
6.54342
6.61585
6.60686
6.57117
6.53565
6.51868
6.4983
6.47601
6.4354
6.38965
6.32363
6.25474
6.15817
6.06209
5.94198
5.82634
5.69114
5.55378
5.3995
5.22514
5.03111
4.82022
4.58269
4.32038
4.02635
3.65303
3.28468
2.82856
2.22632
1.34884
0.527639
0.136922
0.0526168
0.0347976
0.0214295
0.0118052
0.00691691
0.00425357
0.00257446
0.00157464
0.0010913
0.000848136
0.000782406
0.000750549
0.000779552
0.000808033
0.000843718
0.000890246
0.000951693
0.00103768
0.00114549
0.00126979
0.00140561
0.00155676
0.00172725
0.00192045
0.0021375
0.0023795
0.00264842
0.00294398
0.0032701
0.0036223
0.0040129
0.00444517
0.00492137
0.00545333
0.00603916
0.00666468
0.00733952
0.0080761
0.00888643
0.00977485
0.0107032
0.011691
0.0127446
0.013882
0.0151192
0.0164521
0.0178614
0.0193289
0.0208424
0.0224304
0.0241021
0.0258716
0.0277541
0.0297363
0.0317879
0.0338812
0.0360006
0.038192
0.0404857
0.0428572
0.0451979
0.0475064
0.0498063
0.0521695
0.0545441
0.0569748
0.0594386
0.0620422
0.0647435
0.0675568
0.0705319
0.0741244
0.0796154
0.0848443
0.08896
0.0935597
0.0992795
0.104378
0.104634
0.106322
0.114026
0.118432
0.12382
0.128933
0.134354
0.140055
0.146083
0.152568
0.159534
0.167091
0.175303
0.184252
0.194018
0.20521
0.219503
0.236009
0.254411
0.2736
0.292505
0.312468
0.335623
0.360882
0.387993
0.416197
0.444933
0.472835
0.498381
0.520178
0.536759
0.555607
0.572169
0.585315
0.60217
0.625694
0.657038
0.6976
0.746652
0.802597
0.862871
0.925091
0.986301
1.04608
1.10311
1.15526
1.20312
1.24327
1.28323
1.31401
1.35109
1.37506
1.40267
1.44482
2.68832
2.79146
2.76658
2.73157
2.69537
2.65736
2.61084
2.54647
2.45405
2.32419
2.14877
1.92705
1.65744
1.35334
1.0095
0.673586
0.316318
0.0895659
0.251811
0.644981
1.05529
1.83275
2.6153
3.77966
4.94346
6.03799
6.79003
7.3982
7.77877
7.91316
7.94256
7.93235
7.91436
7.91241
7.90649
7.90003
7.87251
7.83901
7.78208
7.72218
7.63185
7.54222
7.4222
7.30789
7.16962
7.03055
6.87051
6.68948
6.48984
6.27084
6.01807
5.73517
5.41809
5.01301
4.61971
4.10269
3.39867
2.27549
1.02696
0.282565
0.106595
0.0706098
0.0437323
0.0241835
0.0141942
0.00874055
0.0052963
0.00323998
0.00224321
0.00174299
0.00160672
0.00154047
0.00159949
0.00165783
0.00173098
0.00182639
0.00195232
0.00212845
0.00234921
0.00260376
0.00288192
0.00319143
0.00354045
0.00393578
0.00437977
0.00487457
0.0054242
0.00602794
0.00669381
0.00741268
0.00820927
0.00909019
0.0100598
0.0111414
0.0123312
0.0136004
0.014968
0.0164588
0.0180954
0.0198862
0.0217546
0.0237393
0.025852
0.0281273
0.0305961
0.0332489
0.0360463
0.0389523
0.0419416
0.0450698
0.0483541
0.0518197
0.055495
0.0593539
0.0633364
0.0673895
0.0714844
0.0757101
0.0801215
0.0846729
0.0891601
0.0935873
0.0979969
0.102526
0.107077
0.111735
0.116452
0.121423
0.126564
0.131897
0.137494
0.144125
0.154437
0.163952
0.17152
0.179946
0.190371
0.199777
0.200466
0.203679
0.217699
0.225675
0.235462
0.244742
0.254575
0.264905
0.275814
0.287543
0.300131
0.313779
0.328606
0.344769
0.362405
0.382543
0.408085
0.437482
0.470292
0.504787
0.539313
0.576281
0.619439
0.666995
0.718586
0.772764
0.828121
0.881339
0.928282
0.964751
0.986923
1.00716
1.0186
1.02119
1.02831
1.0459
1.07641
1.12212
1.18161
1.25219
1.3296
1.41008
1.48928
1.5665
1.63986
1.70658
1.76755
1.81839
1.86895
1.90758
1.95425
1.98399
2.01867
2.071
3.3486
3.43621
3.41292
3.37548
3.33607
3.29481
3.24454
3.1752
3.07568
2.93545
2.74474
2.50122
2.19993
1.85403
1.44819
1.03299
0.538653
0.171861
0.450812
1.00896
1.49766
2.32661
3.07165
4.19288
5.40082
6.6206
7.42599
8.10964
8.58633
8.7912
8.86664
8.88695
8.88979
8.90395
8.91311
8.92403
8.91235
8.89448
8.85066
8.80447
8.72643
8.65064
8.53879
8.43416
8.30221
8.17177
8.01779
7.84363
7.65459
7.44758
7.20202
6.92377
6.6135
6.215
5.84069
5.31607
4.59338
3.3517
1.75508
0.54871
0.203504
0.134879
0.0843828
0.047017
0.0277056
0.0171102
0.0103913
0.00636124
0.00439926
0.00341905
0.0031491
0.00301731
0.0031316
0.00324546
0.00338843
0.00357509
0.00382113
0.00416488
0.00459541
0.00509168
0.00563393
0.00623698
0.00691655
0.00768555
0.0085484
0.00950892
0.0105748
0.011744
0.013032
0.0144209
0.015957
0.0176525
0.0195145
0.0215856
0.0238576
0.0262755
0.0288728
0.0316948
0.0347796
0.0381416
0.0416362
0.0453335
0.049252
0.0534515
0.0579842
0.0628303
0.0679137
0.0731684
0.0785466
0.0841458
0.0899938
0.0961307
0.102603
0.109365
0.11631
0.123349
0.130433
0.137721
0.1453
0.153097
0.160769
0.168342
0.175884
0.183626
0.191403
0.199357
0.207399
0.21584
0.224526
0.233475
0.242761
0.253489
0.270589
0.285648
0.297835
0.311355
0.327977
0.343169
0.344759
0.350271
0.372562
0.385196
0.400757
0.415518
0.431148
0.44756
0.464882
0.483496
0.50347
0.525125
0.548664
0.574347
0.602389
0.634269
0.674326
0.720242
0.771582
0.826103
0.881668
0.94199
1.01265
1.09098
1.17632
1.26601
1.35689
1.44224
1.51355
1.56245
1.58249
1.59211
1.58334
1.55844
1.53837
1.53297
1.5468
1.58355
1.64117
1.71592
1.80135
1.8924
1.983
2.07156
2.15561
2.23182
2.30131
2.35901
2.41643
2.45998
2.51287
2.54604
2.58537
2.64392
3.88091
3.93822
3.91964
3.88187
3.84109
3.79859
3.74718
3.67664
3.57568
3.43348
3.23944
2.99042
2.67882
2.31636
1.87788
1.41795
0.817173
0.306265
0.718944
1.41064
1.9467
2.76746
3.40804
4.37948
5.53525
6.87629
7.72169
8.47017
9.04392
9.32561
9.45373
9.50795
9.53286
9.56321
9.58612
9.61384
9.61795
9.61642
9.58658
9.55548
9.49138
9.43254
9.33245
9.24119
9.11989
9.00285
8.86095
8.70026
8.52932
8.34556
8.12054
7.86233
7.57645
7.20728
6.88286
6.39605
5.71897
4.47539
2.66792
0.982666
0.367764
0.242991
0.154496
0.0873138
0.0518792
0.0322293
0.0196603
0.0120562
0.00833043
0.0064805
0.0059633
0.00570924
0.00592201
0.00613606
0.00640552
0.00675764
0.00722085
0.00786662
0.00867395
0.00960363
0.0106187
0.0117461
0.0130143
0.0144463
0.0160496
0.0178296
0.0197999
0.0219547
0.0243212
0.0268651
0.0296668
0.0327459
0.0361108
0.0398313
0.0438902
0.0481866
0.052773
0.0577236
0.0630929
0.0689025
0.0748984
0.081197
0.0878207
0.0948619
0.102399
0.110394
0.118714
0.12725
0.135921
0.144884
0.154177
0.16386
0.173998
0.18453
0.195285
0.206125
0.21699
0.228131
0.23968
0.251522
0.26315
0.274638
0.286089
0.297838
0.309641
0.321708
0.333891
0.346626
0.35966
0.372996
0.386694
0.402213
0.427225
0.448234
0.465657
0.484952
0.508393
0.529985
0.533155
0.541934
0.573338
0.591249
0.613338
0.634353
0.656608
0.679995
0.704695
0.731255
0.759784
0.79075
0.824461
0.86131
0.901607
0.947253
1.00403
1.06887
1.14149
1.21926
1.29966
1.38765
1.49036
1.60388
1.72675
1.85442
1.9813
2.09692
2.18874
2.24512
2.25771
2.2505
2.21359
2.15057
2.08962
2.04512
2.02525
2.03644
2.0772
2.14463
2.22841
2.32145
2.41593
2.50937
2.59844
2.67922
2.75293
2.81395
2.87491
2.92076
2.977
3.01151
3.0535
3.11492
4.29101
4.3081
4.29584
4.259
4.21781
4.17515
4.12401
4.05438
3.95527
3.81604
3.62592
3.38164
3.07394
2.71417
2.26868
1.79375
1.12598
0.495992
1.02597
1.82177
2.39328
3.18314
3.695
4.44191
5.46339
6.84217
7.75459
8.5618
9.23595
9.59857
9.78724
9.8794
9.92832
9.97556
10.0108
10.0546
10.0737
10.0883
10.0725
10.0567
10.0065
9.96578
9.87903
9.80265
9.69377
9.5919
9.46475
9.32019
9.16938
9.0139
8.81623
8.5864
8.33331
8.00266
7.7418
7.32114
6.73597
5.57917
3.71391
1.59256
0.62436
0.410481
0.26684
0.154387
0.0931415
0.0585082
0.0359906
0.0221499
0.0153134
0.0119354
0.0109715
0.0104935
0.0108748
0.0112633
0.0117542
0.0123963
0.0132376
0.0144059
0.0158613
0.0175331
0.0193542
0.0213705
0.0236297
0.0261689
0.028998
0.032122
0.0355609
0.0392984
0.043378
0.0477343
0.0524944
0.0576832
0.0633034
0.069457
0.0761081
0.0830851
0.0904606
0.0983428
0.106799
0.115856
0.12511
0.134744
0.144774
0.155332
0.166525
0.178292
0.19043
0.202781
0.215227
0.227999
0.241147
0.254757
0.268911
0.283544
0.298416
0.313333
0.328233
0.343499
0.359301
0.375466
0.391299
0.406977
0.422645
0.438727
0.454899
0.471446
0.488158
0.505582
0.523348
0.541464
0.559999
0.580986
0.613981
0.640827
0.663777
0.689177
0.719366
0.747138
0.752775
0.766194
0.806763
0.830476
0.859571
0.887424
0.916952
0.948038
0.980933
1.01635
1.05447
1.09592
1.14112
1.1906
1.2448
1.306
1.38132
1.46696
1.56275
1.66565
1.77272
1.88995
2.02552
2.1739
2.3324
2.49438
2.65205
2.79218
2.89965
2.96098
2.96616
2.94306
2.87788
2.77376
2.66467
2.56934
2.50031
2.46875
2.47592
2.52046
2.59021
2.67584
2.76719
2.86024
2.95008
3.03199
3.10704
3.16905
3.23149
3.27797
3.33587
3.37038
3.41392
3.47611
4.60217
4.5753
4.569
4.53375
4.49263
4.45032
4.40016
4.33252
4.23694
4.10328
3.92096
3.68706
3.39122
3.04572
2.60983
2.14353
1.44354
0.728916
1.34823
2.23262
2.8411
3.60199
4.00163
4.49137
5.2849
6.61336
7.58212
8.44101
9.20312
9.67088
9.93006
10.0653
10.1417
10.2081
10.255
10.3146
10.3478
10.3791
10.3769
10.3768
10.34
10.3181
10.2457
10.1852
10.0897
10.0037
9.89256
9.76536
9.63416
9.50852
9.34135
9.14467
8.92803
8.63803
8.44203
8.10157
7.63575
6.6172
4.85045
2.37317
0.979433
0.645678
0.430771
0.257556
0.159105
0.101767
0.063445
0.0393941
0.027296
0.0213435
0.0195958
0.0187165
0.019368
0.0200428
0.0209001
0.0220216
0.0234809
0.0254947
0.0279875
0.0308362
0.0339226
0.0373184
0.041095
0.0453039
0.0499527
0.0550379
0.060584
0.0665506
0.0729994
0.0798143
0.087178
0.0951124
0.103606
0.112792
0.122606
0.132787
0.143435
0.15469
0.16663
0.179277
0.192069
0.205277
0.218895
0.23311
0.248048
0.263641
0.279605
0.295741
0.311894
0.32839
0.345291
0.362718
0.380759
0.399379
0.418261
0.437133
0.455957
0.475295
0.495355
0.515858
0.53587
0.555757
0.57572
0.596243
0.61692
0.638128
0.659603
0.681998
0.70482
0.728149
0.752129
0.780132
0.820686
0.853756
0.882854
0.914985
0.951899
0.985435
0.994656
1.01471
1.06457
1.09503
1.13189
1.16746
1.20518
1.24495
1.2871
1.33251
1.38142
1.43462
1.49266
1.55616
1.62568
1.70388
1.79903
1.90653
2.02622
2.15455
2.28814
2.43381
2.60041
2.7807
2.97072
3.16203
3.34533
3.50555
3.62604
3.69209
3.6919
3.65618
3.5659
3.42225
3.26349
3.11168
2.98324
2.89468
2.85184
2.85603
2.89711
2.96424
3.0445
3.13202
3.21917
3.29973
3.3743
3.43589
3.49871
3.54488
3.60364
3.63734
3.68198
3.74382
4.83602
4.76961
4.76695
4.7336
4.69285
4.65114
4.60233
4.53727
4.44617
4.31958
4.14723
3.92687
3.6473
3.3226
2.90582
2.46446
1.75881
0.991179
1.67874
2.64307
3.29453
4.03752
4.36124
4.60658
5.1182
6.26107
7.25097
8.14828
8.99527
9.57347
9.91193
10.1064
10.2154
10.3054
10.3638
10.4399
10.4868
10.536
10.5473
10.5631
10.5397
10.5369
10.4801
10.4365
10.3552
10.2856
10.1913
10.0823
9.96936
9.87314
9.73735
9.57691
9.39817
9.14893
9.01204
8.75583
8.42302
7.56418
6.03204
3.3324
1.4222
0.942645
0.646464
0.401954
0.256117
0.16791
0.106663
0.0673351
0.0468367
0.0367892
0.0337161
0.0321375
0.0331723
0.0342685
0.0356726
0.0375086
0.0398732
0.0431103
0.0470795
0.0515769
0.0564043
0.0616652
0.0674514
0.073825
0.0807813
0.088298
0.0963991
0.105008
0.114206
0.123813
0.134073
0.144996
0.156557
0.168912
0.181963
0.19537
0.209272
0.223841
0.239156
0.255227
0.27135
0.287918
0.304888
0.322512
0.340931
0.360093
0.379622
0.39929
0.418909
0.438922
0.459404
0.480536
0.502376
0.524971
0.547904
0.570772
0.593577
0.617155
0.64174
0.666871
0.691247
0.715554
0.740083
0.765351
0.790862
0.817123
0.843834
0.87178
0.900341
0.929792
0.9603
0.998183
1.04609
1.08645
1.12281
1.16261
1.20641
1.24542
1.2596
1.28881
1.34807
1.38649
1.43202
1.47625
1.52312
1.57252
1.62489
1.68125
1.74193
1.80781
1.87959
1.95795
2.04354
2.13936
2.25465
2.384
2.52714
2.68
2.83877
3.011
3.20605
3.41509
3.63308
3.85019
4.05602
4.23422
4.36693
4.43829
4.43472
4.38943
4.27758
4.0975
3.89077
3.68167
3.48949
3.33549
3.23034
3.18002
3.17659
3.21179
3.27112
3.34608
3.42612
3.50255
3.57497
3.63498
3.69747
3.74269
3.80197
3.83429
3.8799
3.9407
5.00839
4.9136
4.91158
4.88025
4.84012
4.79918
4.75196
4.68988
4.60392
4.48539
4.32445
4.11969
3.85907
3.5592
3.16712
2.76081
2.06957
1.27421
2.01964
3.05644
3.75619
4.49231
4.77812
4.82096
5.05476
5.87915
6.81359
7.71553
8.63225
9.32379
9.75652
10.0217
10.1722
10.2901
10.364
10.459
10.5188
10.5883
10.6126
10.6458
10.6356
10.6521
10.6122
10.5867
10.5208
10.468
10.391
10.3013
10.2053
10.1369
10.0316
9.90952
9.76865
9.56101
9.47454
9.29907
9.10228
8.40929
7.20555
4.47833
1.96446
1.28463
0.903865
0.585307
0.386359
0.260217
0.170086
0.109708
0.0765986
0.0604322
0.0551967
0.052437
0.0538984
0.0555034
0.0575936
0.0603355
0.0638294
0.0685806
0.0743405
0.0807958
0.0876431
0.0950268
0.10305
0.11178
0.12119
0.131237
0.141944
0.153195
0.165093
0.177401
0.190432
0.204172
0.218601
0.233885
0.249889
0.266222
0.283095
0.300706
0.31913
0.338346
0.357528
0.37725
0.397402
0.418322
0.440157
0.462903
0.486057
0.509363
0.532587
0.556334
0.580683
0.605917
0.632185
0.659133
0.686526
0.713985
0.741354
0.769769
0.799575
0.830034
0.859248
0.888439
0.918039
0.948587
0.979481
1.01143
1.04411
1.0785
1.11384
1.15075
1.18968
1.23984
1.29541
1.34416
1.38885
1.43702
1.48768
1.53194
1.55256
1.59373
1.66187
1.70924
1.76407
1.81766
1.8743
1.93394
1.9971
2.06494
2.13785
2.21685
2.30269
2.39613
2.49788
2.61124
2.74629
2.89683
3.06246
3.2386
3.42106
3.6181
3.83956
4.07521
4.31908
4.56022
4.78735
4.98294
5.12799
5.20542
5.19998
5.14737
5.01679
4.80327
4.55128
4.28657
4.0303
3.80758
3.63319
3.51825
3.45805
3.44794
3.47388
3.52728
3.5938
3.66166
3.72935
3.78611
3.84744
3.89103
3.9506
3.98097
4.02758
4.0868
5.13424
5.02204
5.01835
4.98907
4.94983
4.90981
4.86438
4.80561
4.72531
4.61565
4.46723
4.27961
4.03985
3.76769
3.40405
3.03915
2.3778
1.57407
2.3765
3.47703
4.22779
4.96443
5.24529
5.13111
5.11524
5.5894
6.35143
7.1849
8.13267
8.92942
9.4675
9.81754
10.0217
10.1765
10.2704
10.3859
10.4596
10.5504
10.5873
10.6427
10.6435
10.6815
10.659
10.6527
10.6036
10.5684
10.5092
10.4398
10.3601
10.317
10.2399
10.1574
10.0529
9.8896
9.84395
9.74244
9.67144
9.14979
8.31509
5.78652
2.66181
1.66245
1.1891
0.798717
0.546092
0.378418
0.256909
0.169928
0.118769
0.0938353
0.0851291
0.0804142
0.0821111
0.0841413
0.0868911
0.0905642
0.0952199
0.101552
0.109147
0.117564
0.126386
0.135824
0.145979
0.156923
0.168605
0.180969
0.194037
0.207666
0.221987
0.23672
0.252267
0.268572
0.285651
0.303666
0.322431
0.34153
0.361303
0.381961
0.403576
0.426057
0.448436
0.471566
0.495233
0.519867
0.545604
0.572543
0.599962
0.627582
0.655187
0.683561
0.712657
0.742867
0.774228
0.806241
0.83879
0.87151
0.904276
0.938229
0.973785
1.01019
1.04523
1.07977
1.11494
1.15132
1.18818
1.22651
1.26596
1.30779
1.35104
1.39678
1.44697
1.50979
1.5737
1.63156
1.68526
1.74204
1.79939
1.84858
1.87758
1.93268
2.00885
2.06583
2.13027
2.19358
2.26031
2.33045
2.40465
2.48416
2.56945
2.66163
2.76152
2.86993
2.98763
3.1182
3.27247
3.44352
3.63078
3.82926
4.03438
4.25517
4.50194
4.76322
5.03223
5.29696
5.54533
5.75861
5.91656
6.00081
5.99455
5.93616
5.78882
5.54413
5.24937
4.93134
4.61248
4.3209
4.07457
3.88911
3.76338
3.69701
3.6785
3.6989
3.74341
3.79662
3.85522
3.9058
3.96445
4.0053
4.06479
4.09254
4.14014
4.19723
5.22911
5.10439
5.09766
5.0704
5.03233
4.9934
4.94996
4.89477
4.82058
4.72049
4.58552
4.41632
4.19892
3.95675
3.62444
3.30484
2.68614
1.88957
2.75607
3.90934
4.71073
5.45179
5.74883
5.52321
5.28092
5.46863
5.96809
6.63114
7.53047
8.39849
9.04294
9.49127
9.76283
9.96613
10.0868
10.2265
10.3158
10.4296
10.4808
10.5598
10.5728
10.6341
10.6265
10.6422
10.6118
10.5948
10.554
10.5056
10.443
10.4223
10.3701
10.3269
10.2556
10.1416
10.1278
10.095
10.1209
9.78357
9.30508
7.2067
3.59265
2.08767
1.49436
1.03153
0.726324
0.520265
0.368429
0.251224
0.175295
0.137987
0.123702
0.115768
0.117039
0.119129
0.122257
0.12667
0.132302
0.140076
0.149339
0.159509
0.170057
0.181317
0.193375
0.206311
0.220046
0.234521
0.249768
0.265612
0.282231
0.299304
0.317365
0.336287
0.356154
0.377106
0.398874
0.421015
0.444081
0.468276
0.493676
0.52007
0.546247
0.573508
0.601472
0.630889
0.661649
0.693559
0.726049
0.758876
0.791871
0.825813
0.860611
0.896705
0.933934
0.971706
1.01005
1.04864
1.08751
1.12753
1.16912
1.2116
1.25285
1.2938
1.33507
1.3778
1.42112
1.46651
1.51347
1.56371
1.61592
1.67231
1.73587
1.81044
1.88349
1.95084
2.01385
2.07922
2.14312
2.19673
2.23723
2.30591
2.38986
2.45681
2.531
2.6042
2.68118
2.76194
2.84728
2.93851
3.0362
3.14152
3.2554
3.37866
3.51212
3.65968
3.83281
4.02397
4.23248
4.45291
4.68032
4.92455
5.19642
5.48332
5.77767
6.06644
6.3367
6.56844
6.74008
6.83186
6.82553
6.76234
6.59946
6.32503
5.9893
5.61995
5.24035
4.88109
4.56253
4.30404
4.10735
3.97661
3.90346
3.88126
3.89381
3.92423
3.9678
4.00789
4.06105
4.09719
4.15576
4.1799
4.22836
4.28264
5.30039
5.16754
5.15637
5.13104
5.09444
5.05678
5.01551
4.96416
4.89648
4.80653
4.68579
4.53605
4.34227
4.13182
3.83316
3.56135
2.99649
2.22028
3.16532
4.35794
5.20621
5.95536
6.27289
5.97212
5.54903
5.51046
5.73239
6.15809
6.89744
7.75822
8.48431
9.03554
9.3879
9.65317
9.81035
9.98027
10.0881
10.227
10.2942
10.3982
10.4248
10.5106
10.5176
10.5605
10.5452
10.5507
10.5252
10.5001
10.4574
10.4552
10.4253
10.4188
10.3762
10.3179
10.3291
10.3585
10.4422
10.3082
10.1228
8.66786
4.83618
2.59422
1.82198
1.27813
0.921965
0.680544
0.503165
0.356451
0.249011
0.194431
0.171408
0.15827
0.157644
0.159102
0.162065
0.166861
0.173153
0.182197
0.192984
0.204753
0.216836
0.229802
0.243694
0.258609
0.274422
0.291079
0.308619
0.326829
0.345959
0.365617
0.386563
0.408522
0.43169
0.456171
0.481565
0.507362
0.534423
0.562939
0.59299
0.624255
0.655275
0.687686
0.721025
0.756175
0.792779
0.830493
0.868878
0.907784
0.947095
0.987488
1.02877
1.0714
1.11504
1.15926
1.20401
1.24898
1.29428
1.34072
1.38847
1.43711
1.48478
1.5324
1.58039
1.63029
1.68074
1.73385
1.78896
1.84853
1.91129
1.98024
2.057
2.14221
2.22543
2.30245
2.37486
2.44876
2.51941
2.5784
2.63083
2.71283
2.80486
2.88197
2.96603
3.04926
3.1366
3.2281
3.32468
3.42772
3.53789
3.65643
3.78433
3.92247
4.07172
4.2363
4.42829
4.63965
4.86951
5.11208
5.36202
5.63002
5.92747
6.24067
6.56121
6.87503
7.16827
7.41954
7.60581
7.70579
7.69991
7.63253
7.45468
7.15121
6.77551
6.35616
5.91729
5.4917
5.10164
4.76953
4.4992
4.29878
4.16314
4.08895
4.06047
4.05962
4.08039
4.10405
4.14774
4.17614
4.23209
4.25108
4.29986
4.35044
5.35276
5.2158
5.19899
5.17549
5.14061
5.10444
5.06552
5.01822
4.95735
4.878
4.77207
4.6426
4.47339
4.29564
4.03256
3.81045
3.30935
2.56268
3.61066
4.82729
5.7152
6.47255
6.80745
6.45647
5.90237
5.66771
5.68082
5.84125
6.34241
7.07848
7.81599
8.44959
8.88744
9.22692
9.43233
9.64085
9.77174
9.93885
10.0244
10.1553
10.1975
10.3082
10.3301
10.403
10.3999
10.435
10.4223
10.424
10.3952
10.4192
10.4008
10.4299
10.4113
10.4125
10.4431
10.525
10.6456
10.7147
10.7269
10.0558
6.41627
3.25204
2.19224
1.54211
1.13065
0.8553
0.656218
0.484584
0.343619
0.2665
0.230705
0.20941
0.204436
0.204157
0.206172
0.210917
0.217469
0.227698
0.240037
0.253474
0.267062
0.281817
0.297693
0.314816
0.332972
0.352117
0.372313
0.393262
0.41536
0.438041
0.462456
0.488058
0.515212
0.543981
0.573815
0.604247
0.636268
0.669978
0.705466
0.742342
0.779208
0.817747
0.857382
0.89912
0.942388
0.986647
1.03163
1.0773
1.12352
1.17099
1.21937
1.26911
1.31973
1.37089
1.42246
1.47419
1.52625
1.57941
1.63365
1.6884
1.74247
1.79717
1.85236
1.90983
1.96814
2.02975
2.09418
2.16418
2.23863
2.32046
2.40953
2.50558
2.59947
2.68627
2.76816
2.85067
2.92856
2.9944
3.05852
3.15289
3.25387
3.34134
3.43542
3.5289
3.62681
3.72924
3.83728
3.95235
4.07523
4.20723
4.34941
4.50271
4.66804
4.85
5.06123
5.29329
5.5451
5.81046
6.08367
6.37629
6.70031
7.04095
7.389
7.72924
8.04685
8.31891
8.52083
8.62964
8.62459
8.55333
8.36061
8.02811
7.61267
7.14386
6.64653
6.1556
5.69486
5.28936
4.94433
4.67125
4.46773
4.33403
4.25579
4.21452
4.205
4.20511
4.23375
4.25023
4.30097
4.31249
4.36052
4.40596
5.39175
5.25152
5.22854
5.20665
5.17374
5.1393
5.1029
5.05982
5.00598
4.93752
4.84676
4.73803
4.59409
4.4492
4.22368
4.05246
3.62336
2.91219
4.09735
5.32141
6.23782
6.99906
7.34449
6.95923
6.31207
5.92977
5.76042
5.71937
5.9549
6.47255
7.11002
7.76035
8.26311
8.67839
8.9415
9.19782
9.35829
9.55762
9.66451
9.82448
9.88463
10.0216
10.0586
10.1626
10.1719
10.2404
10.236
10.2712
10.2502
10.307
10.2918
10.3652
10.3555
10.4113
10.4563
10.5935
10.7283
10.999
11.1337
11.161
8.29786
4.22557
2.6363
1.83421
1.35475
1.04307
0.823111
0.631665
0.461666
0.357944
0.30541
0.27282
0.260202
0.256354
0.256364
0.260602
0.267056
0.278562
0.292256
0.30723
0.322538
0.339313
0.357458
0.37709
0.397937
0.419963
0.443225
0.467435
0.493038
0.519501
0.548049
0.578048
0.609904
0.643624
0.678649
0.714601
0.752457
0.792176
0.833849
0.87707
0.920644
0.966248
1.0129
1.0619
1.11219
1.16372
1.21596
1.26901
1.32271
1.37775
1.4337
1.49097
1.54899
1.60744
1.66618
1.72499
1.78411
1.84428
1.90532
1.96667
2.02747
2.08917
2.15201
2.21768
2.28459
2.35554
2.43022
2.51155
2.59824
2.69234
2.79344
2.90088
3.00567
3.10245
3.194
3.28536
3.37124
3.4452
3.52088
3.62701
3.73762
3.83573
3.9401
4.04415
4.15297
4.26668
4.38656
4.51404
4.65005
4.79596
4.9529
5.12187
5.30387
5.50387
5.73508
5.98872
6.26346
6.55268
6.85026
7.16872
7.52065
7.89027
8.26743
8.63576
8.97932
9.27356
9.4922
9.61045
9.60649
9.53142
9.32349
8.96143
8.5058
7.98728
7.43152
6.87558
6.34463
5.86606
5.44601
5.09875
4.824
4.62539
4.49017
4.40009
4.35181
4.32018
4.3282
4.32698
4.36901
4.36972
4.41548
4.45351
5.42085
5.27655
5.24709
5.22639
5.19569
5.16325
5.12954
5.09077
5.04405
4.9866
4.9111
4.82325
4.70488
4.59244
4.40656
4.28649
3.93478
3.26492
4.62961
5.84315
6.77265
7.52906
7.87526
7.46636
6.75431
6.26579
5.9573
5.75064
5.76494
6.03839
6.48448
7.04757
7.55161
8.01653
8.33386
8.64208
8.83804
9.0735
9.20547
9.39626
9.47759
9.64183
9.69516
9.83008
9.85282
9.95644
9.95908
10.0323
10.0163
10.1086
10.0926
10.2083
10.1998
10.3211
10.3746
10.573
10.6978
11.1043
11.3997
11.8243
10.2797
5.73156
3.20448
2.1752
1.60155
1.24638
1.0027
0.794541
0.601303
0.470691
0.398967
0.35245
0.328477
0.319109
0.315253
0.318541
0.324787
0.337142
0.35199
0.368441
0.38561
0.40461
0.425281
0.447726
0.471617
0.496924
0.523697
0.551698
0.581395
0.612324
0.645692
0.6808
0.718056
0.757397
0.79833
0.840582
0.885113
0.931585
0.980169
1.03038
1.08123
1.1344
1.18873
1.24554
1.30353
1.3629
1.42294
1.48385
1.54548
1.60848
1.67237
1.73751
1.80326
1.86932
1.93555
2.00177
2.06828
2.13579
2.20406
2.27254
2.34067
2.40999
2.481
2.55514
2.6314
2.71253
2.79824
2.89117
2.98994
3.09645
3.20977
3.3289
3.44479
3.55187
3.65342
3.75411
3.84888
3.93213
4.01941
4.13692
4.25777
4.36696
4.482
4.59712
4.71732
4.84282
4.97507
5.11555
5.2653
5.42576
5.59817
5.78357
5.98305
6.20205
6.45426
6.73068
7.02965
7.34411
7.66747
8.01328
8.39476
8.79514
9.20328
9.60153
9.97279
10.2907
10.5271
10.6554
10.6527
10.5737
10.3498
9.95715
9.46025
8.89104
8.27611
7.65476
7.05346
6.50183
6.00657
5.5843
5.23632
4.96919
4.77159
4.62565
4.53063
4.45886
4.43919
4.41331
4.44299
4.42805
4.46963
4.49704
5.43923
5.29276
5.25603
5.23587
5.20755
5.1774
5.14653
5.11214
5.07252
5.02597
4.96556
4.89831
4.80548
4.72449
4.58044
4.50995
4.23972
3.61218
5.19743
6.39266
7.31577
8.05431
8.38845
7.96492
7.20952
6.64727
6.23747
5.90452
5.74967
5.80337
6.03831
6.43334
6.84679
7.29533
7.63386
7.98029
8.20962
8.48046
8.63971
8.86126
8.96685
9.15865
9.23039
9.39481
9.43292
9.57037
9.58241
9.69455
9.68381
9.8124
9.79733
9.95083
9.94359
10.113
10.1749
10.4443
10.5682
11.0513
11.4527
12.2567
11.9176
7.83381
4.02975
2.60113
1.88458
1.47124
1.19783
0.972951
0.760163
0.604242
0.512679
0.451004
0.412573
0.395493
0.385974
0.3875
0.393037
0.405775
0.421497
0.439289
0.458375
0.47977
0.50317
0.528716
0.555989
0.584985
0.615731
0.648048
0.682417
0.71844
0.757305
0.798191
0.841536
0.887156
0.934647
0.983804
1.03552
1.08934
1.14549
1.20334
1.2621
1.32338
1.38593
1.45102
1.51726
1.58492
1.65323
1.7224
1.79234
1.86364
1.9358
2.00912
2.08295
2.15697
2.23106
2.30509
2.3794
2.4547
2.53073
2.607
2.68314
2.7608
2.84066
2.92403
3.01035
3.10221
3.19938
3.30426
3.41542
3.53448
3.66021
3.79124
3.91854
4.03641
4.14848
4.25915
4.36381
4.4575
4.55659
4.68536
4.81708
4.93792
5.06416
5.19097
5.32318
5.46115
5.60647
5.76068
5.92497
6.10083
6.2896
6.49241
6.71043
6.9496
7.22409
7.52477
7.84953
8.19087
8.54168
8.91659
9.32947
9.76262
10.2038
10.634
11.0348
11.3779
11.6333
11.772
11.7706
11.6873
11.4463
11.0216
10.4818
9.86023
9.18464
8.4967
7.82421
7.19898
6.62804
6.13012
5.70765
5.36964
5.10581
4.89853
4.74997
4.63024
4.57521
4.51695
4.52938
4.49286
4.52782
4.54037
5.44597
5.30085
5.25616
5.23572
5.20985
5.1823
5.15443
5.12441
5.09176
5.05579
5.01001
4.96268
4.89492
4.84413
4.74304
4.71953
4.53204
3.94734
5.74828
6.96639
7.86217
8.56653
8.86851
8.44089
7.6605
7.05003
6.56941
6.14698
5.85885
5.75569
5.79575
6.00537
6.2718
6.62432
6.92004
7.2606
7.50036
7.79142
7.9724
8.2183
8.34848
8.56446
8.65715
8.84651
8.90358
9.06954
9.09644
9.24332
9.24286
9.4036
9.39722
9.57871
9.58002
9.78359
9.86158
10.1678
10.313
10.8382
11.4049
12.2597
12.8185
10.3672
5.41071
3.16963
2.22774
1.72814
1.41474
1.17033
0.938866
0.758291
0.646407
0.56932
0.514913
0.488038
0.471383
0.469686
0.473978
0.486592
0.502848
0.521716
0.542665
0.566629
0.592882
0.621818
0.652789
0.685901
0.721077
0.75824
0.797845
0.839497
0.884395
0.931527
0.981556
1.03408
1.08875
1.14541
1.20488
1.26665
1.33094
1.39701
1.46423
1.53408
1.60534
1.67913
1.7541
1.83047
1.90746
1.98531
2.06393
2.14389
2.22467
2.30654
2.38884
2.47125
2.55366
2.63601
2.71866
2.80234
2.8868
2.97162
3.05659
3.14341
3.23292
3.32637
3.42349
3.52672
3.63589
3.75316
3.87706
4.00893
4.1473
4.29053
4.42966
4.55902
4.68228
4.80376
4.91936
5.02463
5.13597
5.27607
5.41933
5.55253
5.69066
5.82993
5.97493
6.12617
6.28544
6.45429
6.63407
6.82636
7.03258
7.25397
7.49178
7.75253
8.05081
8.37745
8.72984
9.09994
9.4801
9.88604
10.3324
10.8005
11.2769
11.7412
12.1735
12.5434
12.8187
12.9682
12.9682
12.8799
12.6204
12.1617
11.5767
10.9005
10.162
9.40552
8.66025
7.96022
7.31263
6.73822
6.24021
5.82967
5.4969
5.22422
5.01668
4.84219
4.74459
4.6461
4.63553
4.56979
4.59497
4.5876
5.44266
5.30036
5.2478
5.22618
5.20267
5.178
5.15329
5.12761
5.10168
5.07579
5.04389
5.01529
4.97186
4.94942
4.89208
4.91175
4.80327
4.2691
6.20129
7.55112
8.41052
9.06233
9.29566
8.87688
8.09031
7.45269
6.92569
6.44339
6.06329
5.83545
5.7394
5.77635
5.89306
6.1121
6.31097
6.58485
6.78941
7.06281
7.24342
7.4928
7.63887
7.86639
7.97981
8.18296
8.26356
8.44546
8.49758
8.66144
8.69087
8.86273
8.88991
9.06894
9.11283
9.31104
9.4407
9.723
9.98407
10.3932
11.2038
12.1027
13.3891
12.5092
7.71784
4.01879
2.67515
2.03514
1.66325
1.39339
1.1418
0.935454
0.801337
0.708277
0.636911
0.598572
0.573733
0.56704
0.569497
0.581314
0.5976
0.617469
0.640216
0.666758
0.696032
0.72856
0.763568
0.801177
0.84123
0.883704
0.929017
0.976801
1.02822
1.08219
1.13944
1.19944
1.26188
1.32659
1.39434
1.46462
1.53757
1.61241
1.68859
1.76747
1.8479
1.93083
2.01499
2.10051
2.18665
2.27361
2.36135
2.45039
2.54024
2.63111
2.72238
2.81372
2.90506
2.99636
3.08803
3.1808
3.2745
3.36876
3.46348
3.5604
3.66046
3.76491
3.87367
3.98901
4.11082
4.24101
4.37812
4.52318
4.67456
4.83041
4.98199
5.12365
5.25897
5.39221
5.51986
5.63789
5.76208
5.91384
6.06941
6.21579
6.36663
6.51927
6.67797
6.84346
7.01768
7.20223
7.39865
7.60856
7.83352
8.07484
8.33391
8.61786
8.94167
9.29624
9.67832
10.0793
10.4909
10.9301
11.4121
11.9176
12.4316
12.9322
13.398
13.7963
14.0925
14.2529
14.2541
14.1601
13.8798
13.3847
12.7517
12.0179
11.2136
10.3859
9.56555
8.78879
8.06298
7.41078
6.83606
6.35159
5.94784
5.6067
5.336
5.10122
4.95476
4.80872
4.76899
4.66544
4.67685
4.643
5.42991
5.29048
5.23078
5.20708
5.18568
5.16411
5.14275
5.12138
5.10183
5.08529
5.06633
5.05477
5.03483
5.03822
5.02344
5.08306
5.04714
4.5858
6.4792
8.05258
8.93282
9.51933
9.6538
9.25072
8.48001
7.83478
7.28185
6.76364
6.32405
6.01132
5.80626
5.7238
5.7089
5.79531
5.88482
6.05697
6.18942
6.39883
6.54342
6.75859
6.89757
7.10866
7.23356
7.42764
7.53292
7.70755
7.79621
7.94881
8.0307
8.17878
8.27474
8.40984
8.54243
8.67546
8.92925
9.09947
9.53233
9.83016
10.7195
11.6862
13.3208
13.752
10.8201
5.51191
3.30992
2.42587
1.95896
1.65225
1.37695
1.14193
0.981832
0.870965
0.78089
0.729046
0.694871
0.6815
0.681344
0.691449
0.707412
0.728088
0.752514
0.781636
0.814082
0.850381
0.889746
0.932231
0.977604
1.02584
1.07733
1.13173
1.19015
1.25148
1.31647
1.3845
1.45524
1.52854
1.6051
1.68441
1.76656
1.85073
1.93638
2.0248
2.11491
2.20748
2.30136
2.39654
2.49237
2.58899
2.68639
2.78505
2.88453
2.98499
3.08586
3.1868
3.28779
3.38881
3.49031
3.59305
3.69691
3.8016
3.90712
4.01517
4.12681
4.24327
4.3646
4.49289
4.62809
4.77188
4.9228
5.08158
5.24651
5.41558
5.5804
5.73534
5.88373
6.02983
6.1707
6.30268
6.44053
6.6045
6.77324
6.93376
7.09829
7.26534
7.4388
7.61968
7.81002
8.01154
8.2259
8.45483
8.7
8.96282
9.24483
9.5538
9.90515
10.2899
10.704
11.1382
11.5836
12.0583
12.5785
13.1238
13.6781
14.2174
14.7187
15.1468
15.4647
15.6361
15.638
15.537
15.2334
14.6989
14.0145
13.2194
12.3456
11.4434
10.5448
9.6886
8.88227
8.1504
7.49745
6.93755
6.46099
6.04895
5.71182
5.41241
5.21188
5.01179
4.93666
4.78745
4.78027
4.71134
5.4062
5.27033
5.2045
5.17793
5.15819
5.13986
5.12198
5.10491
5.09146
5.08331
5.07625
5.07956
5.08198
5.10817
5.12976
5.22725
5.26947
4.89915
6.57835
8.28119
9.25837
9.83117
9.89814
9.53076
8.80753
8.1746
7.61454
7.08076
6.60792
6.24199
5.9635
5.79248
5.67964
5.65626
5.65017
5.71591
5.76867
5.89123
5.97651
6.1237
6.22795
6.38603
6.50181
6.65307
6.77303
6.90773
7.0334
7.14218
7.2842
7.37816
7.55352
7.62502
7.84691
7.92086
8.26066
8.38247
8.86955
9.1656
10.0359
10.9977
12.9092
14.4178
13.423
8.30757
4.35454
2.96728
2.3299
1.96227
1.6563
1.38782
1.19586
1.06379
0.951923
0.883186
0.837666
0.815712
0.811374
0.818967
0.834071
0.855233
0.881146
0.912813
0.948558
0.988783
1.03279
1.08052
1.13166
1.18612
1.24425
1.30573
1.37163
1.44084
1.51407
1.59065
1.67025
1.75269
1.83862
1.92755
2.01948
2.11358
2.20932
2.30787
2.40826
2.51107
2.6153
2.7208
2.82698
2.93392
3.04166
3.15062
3.26043
3.37119
3.48243
3.59379
3.70529
3.81695
3.92923
4.04292
4.15801
4.27426
4.3917
4.51205
4.63639
4.76598
4.90092
5.04314
5.19262
5.35083
5.51632
5.68955
5.86877
6.05188
6.23089
6.40024
6.56287
6.72304
6.87841
7.0256
7.17808
7.35508
7.53797
7.71371
7.89309
8.07575
8.26521
8.46278
8.67061
8.89052
9.12434
9.37389
9.64097
9.92712
10.234
10.5701
10.9512
11.3686
11.8174
12.2876
12.7694
13.2822
13.8432
14.4312
15.0282
15.6088
16.1476
16.6069
16.9472
17.129
17.131
17.0213
16.6909
16.1134
15.3736
14.5128
13.565
12.584
11.6033
10.6643
9.77438
8.96031
8.22707
7.58991
7.0386
6.55342
6.14711
5.7796
5.52083
5.26127
5.14485
4.94314
4.91227
4.79808
5.3681
5.23849
5.16776
5.1378
5.11915
5.10407
5.08979
5.07705
5.06928
5.06869
5.0721
5.08833
5.10911
5.15817
5.20927
5.33671
5.47438
5.19186
6.55738
8.24505
9.32494
9.93334
9.97809
9.67636
9.04687
8.44798
7.89953
7.36911
6.88538
6.492
6.16925
5.93949
5.75783
5.65493
5.57179
5.54625
5.53262
5.56771
5.59137
5.66042
5.71663
5.80245
5.88816
5.97215
6.0838
6.15378
6.29236
6.33949
6.51058
6.54854
6.75864
6.79084
7.03291
7.10571
7.43999
7.56484
8.03178
8.35578
9.20996
10.0912
11.9063
14.1967
14.9386
12.2149
6.37628
3.81179
2.83524
2.34974
1.99768
1.68837
1.45579
1.29709
1.15879
1.06798
1.00745
0.973875
0.962977
0.966821
0.980111
1.00115
1.02816
1.06221
1.10132
1.14556
1.19442
1.24775
1.30508
1.36623
1.43148
1.50053
1.57438
1.652
1.73397
1.81968
1.90872
2.00091
2.09685
2.19606
2.29843
2.40318
2.50972
2.61914
2.73054
2.84436
2.9597
3.0763
3.19362
3.3117
3.4306
3.55069
3.67168
3.79364
3.91616
4.0389
4.16191
4.28526
4.40943
4.53523
4.66272
4.79176
4.92242
5.05632
5.19464
5.33859
5.48832
5.64559
5.81042
5.98404
6.16507
6.35368
6.54816
6.74633
6.94071
7.12574
7.30395
7.47959
7.65082
7.81455
7.98283
8.17396
8.37216
8.56435
8.75992
8.95956
9.16647
9.38224
9.60914
9.84911
10.1041
10.3762
10.6672
10.9787
11.3126
11.6783
12.0918
12.5448
13.0312
13.5403
14.0615
14.6153
15.22
15.8536
16.4964
17.1206
17.6991
18.1909
18.5536
18.7451
18.7461
18.6253
18.2636
17.6388
16.8385
15.9068
14.8798
13.815
12.7475
11.7213
10.744
9.84445
9.02822
8.31149
7.68312
7.12243
6.64434
6.20582
5.8854
5.56194
5.39922
5.1387
5.07937
4.90953
5.31353
5.19227
5.11862
5.08525
5.06713
5.05513
5.04452
5.03621
5.0339
5.03923
5.05192
5.08069
5.11549
5.18517
5.26052
5.40948
5.64976
5.45513
6.49735
7.95599
9.0659
9.78013
9.9049
9.64989
9.17049
8.62297
8.10946
7.60289
7.1288
6.72973
6.38706
6.12293
5.89966
5.74152
5.60387
5.51642
5.44192
5.40659
5.37974
5.37947
5.38625
5.4059
5.44722
5.47048
5.54653
5.56086
5.66942
5.67197
5.80974
5.82469
5.9872
6.01532
6.20683
6.27948
6.56521
6.69015
7.12234
7.3856
8.21041
9.09007
10.526
13.3659
15.2469
14.7846
10.2695
5.42322
3.6151
2.86992
2.43056
2.06682
1.78045
1.58675
1.41508
1.29485
1.21349
1.16344
1.14203
1.1399
1.14967
1.1694
1.19668
1.23262
1.27496
1.32317
1.37696
1.43612
1.50006
1.56838
1.64126
1.71837
1.80068
1.88723
1.97849
2.07392
2.17305
2.27569
2.38236
2.4926
2.60621
2.72245
2.84066
2.96183
3.08513
3.21087
3.33826
3.46691
3.59635
3.72655
3.85758
3.98981
4.123
4.25719
4.39207
4.52732
4.663
4.79926
4.93656
5.07576
5.21702
5.36024
5.50551
5.65441
5.8081
5.9678
6.13367
6.30731
6.48875
6.679
6.87676
7.08195
7.29291
7.50745
7.71856
7.92074
8.11608
8.30876
8.49738
8.67908
8.86456
9.07124
9.28607
9.49613
9.70949
9.92771
10.1537
10.3895
10.6373
10.8993
11.1776
11.4743
11.7915
12.1309
12.4945
12.8924
13.3415
13.8333
14.3608
14.9124
15.4761
16.0741
16.7257
17.4082
18.0998
18.7704
19.3903
19.9156
20.3006
20.5001
20.4987
20.3634
19.9646
19.2873
18.4204
17.4113
16.2988
15.1443
13.9844
12.8659
11.7965
10.8075
9.90492
9.10574
8.39742
7.75847
7.20582
6.69357
6.30855
5.91756
5.7043
5.37939
5.28743
5.05189
5.24057
5.12795
5.05425
5.01819
5.00016
4.99099
4.98407
4.98037
4.98272
4.99362
5.01403
5.05422
5.10083
5.18712
5.28193
5.45208
5.77733
5.67724
6.4523
7.64074
8.63736
9.39849
9.64723
9.45421
9.14428
8.68058
8.21652
7.75442
7.31126
6.92582
6.58403
6.30626
6.06279
5.87275
5.70104
5.57111
5.45529
5.37239
5.30071
5.25025
5.21325
5.18519
5.175
5.16577
5.18198
5.17478
5.21543
5.20845
5.27622
5.28169
5.36962
5.39902
5.50671
5.5854
5.74552
5.92966
6.14087
6.55044
6.95823
8.07904
8.99858
11.5753
14.637
16.0348
14.552
8.92193
5.08551
3.66484
3.01533
2.56206
2.19944
1.95738
1.74196
1.58163
1.47082
1.39694
1.35911
1.34577
1.34962
1.36583
1.39172
1.42839
1.47345
1.5253
1.58377
1.64881
1.71966
1.7956
1.87662
1.96233
2.05361
2.14963
2.25075
2.35652
2.46644
2.58028
2.69849
2.82064
2.94643
3.07513
3.20605
3.34001
3.4763
3.61508
3.75561
3.89746
4.04016
4.18364
4.32799
4.47354
4.62012
4.76778
4.91628
5.06533
5.21503
5.36557
5.51745
5.67154
5.82807
5.98703
6.14851
6.31401
6.4847
6.66174
6.84533
7.03687
7.23642
7.44481
7.66076
7.88403
8.113
8.34551
8.57499
8.79602
9.01028
9.2218
9.42953
9.63078
9.83511
10.0591
10.2922
10.5218
10.7548
10.9935
11.2406
11.4984
11.7694
12.0557
12.3597
12.6837
13.0298
13.3999
13.7962
14.2298
14.7179
15.2524
15.8251
16.4231
17.0332
17.6791
18.3812
19.1161
19.8597
20.5793
21.2426
21.8018
22.2083
22.4132
22.4074
22.2528
21.8095
21.0731
20.1319
19.0379
17.8325
16.5812
15.3223
14.1056
12.9383
11.8552
10.862
9.97682
9.18499
8.46445
7.83406
7.24527
6.79282
6.33117
6.06363
5.66952
5.54142
5.23087
5.14422
5.04145
4.97081
4.93357
4.91561
4.90902
4.90581
4.90661
4.91313
4.92995
4.95668
5.00645
5.06223
5.16464
5.27411
5.45954
5.85006
5.84502
6.43601
7.40256
8.24895
8.96621
9.26886
9.14855
8.92007
8.60715
8.2148
7.80594
7.40738
7.053
6.72976
6.45614
6.21033
6.00689
5.81937
5.66586
5.52511
5.41148
5.3102
5.22726
5.15614
5.09707
5.05076
5.01036
4.98288
4.95849
4.9408
4.92847
4.93657
4.93684
4.95453
4.98664
5.01371
5.09278
5.15386
5.32074
5.41755
5.76143
5.99518
6.78269
7.76736
9.22566
12.8977
15.6168
16.5554
14.4128
8.38756
5.16981
3.91056
3.25393
2.76428
2.44898
2.17328
1.95667
1.80352
1.69464
1.63094
1.59855
1.59132
1.6002
1.62161
1.65661
1.70304
1.75767
1.82004
1.8905
1.96828
2.05219
2.14185
2.23666
2.33743
2.44344
2.55498
2.6717
2.7931
2.91894
3.04959
3.18463
3.32367
3.46597
3.61078
3.7588
3.90935
4.06247
4.21749
4.37389
4.53122
4.68936
4.8484
5.00868
5.17006
5.33263
5.4962
5.66055
5.82581
5.99222
6.16032
6.331
6.50456
6.68104
6.86055
7.0445
7.23404
7.43029
7.63345
7.84475
8.06425
8.29259
8.52856
8.77176
9.02066
9.2731
9.52294
9.76482
10.0001
10.2325
10.4613
10.6839
10.9091
11.1526
11.4059
11.657
11.9119
12.1733
12.4439
12.7263
13.023
13.3364
13.6691
14.0235
14.4018
14.8062
15.2387
15.7119
16.2434
16.8253
17.4478
18.097
18.7579
19.4557
20.2124
21.0036
21.8028
22.5742
23.2823
23.8754
24.3012
24.5079
24.4945
24.3141
23.8168
23.0126
21.9879
20.7998
19.4925
18.1362
16.7706
15.4485
14.1769
12.9939
11.9053
10.9297
10.05
9.24375
8.53187
7.8634
7.34063
6.80536
6.48006
6.01246
5.84529
5.45134
5.01634
4.9274
4.86314
4.82711
4.8099
4.80587
4.80632
4.81115
4.82242
4.8455
4.87718
4.93527
4.99833
5.11093
5.23774
5.43629
5.84326
5.9568
6.4488
7.23446
7.94719
8.58532
8.8467
8.76152
8.58486
8.36462
8.08515
7.7431
7.40002
7.08746
6.7965
6.54191
6.30854
6.10705
5.91888
5.75701
5.60671
5.47833
5.36027
5.25874
5.16677
5.08861
5.01936
4.95865
4.90632
4.86027
4.82249
4.78643
4.76313
4.74507
4.73598
4.73903
4.74406
4.77655
4.82086
4.89222
4.99653
5.11962
5.39829
5.68324
6.54051
7.56316
9.51964
13.9492
16.2884
16.9581
14.6373
8.65258
5.65498
4.36138
3.58696
3.1353
2.76677
2.46685
2.2515
2.09024
1.98585
1.92379
1.89253
1.88884
1.90046
1.9291
1.97389
2.02948
2.09406
2.16852
2.25254
2.34443
2.44308
2.54749
2.65821
2.77466
2.89708
3.02526
3.15876
3.29737
3.44137
3.59035
3.74381
3.90099
4.06108
4.22461
4.39093
4.55997
4.73105
4.90361
5.07718
5.25162
5.42698
5.60361
5.78145
5.96059
6.14094
6.32233
6.50493
6.68905
6.87526
7.06448
7.25708
7.45315
7.65282
7.85738
8.06798
8.28566
8.51062
8.74392
8.98561
9.23617
9.49443
9.75989
10.0311
10.3059
10.5785
10.8436
11.1023
11.3581
11.6102
11.8564
12.1048
12.3705
12.6463
12.9214
13.2009
13.4877
13.7848
14.0948
14.4204
14.7643
15.1293
15.5179
15.9325
16.3753
16.8486
17.366
17.9462
18.581
19.259
19.9651
20.6818
21.4364
22.2524
23.1042
23.9627
24.7884
25.5424
26.1682
26.6099
26.8129
26.7874
26.5719
26.0081
25.1251
24.0054
22.7118
21.2919
19.8208
18.3396
16.9037
15.5202
14.2309
13.0412
11.9701
10.9972
10.1003
9.30247
8.55069
7.95445
7.34251
6.95597
6.41088
6.2021
5.71727
4.85016
4.77834
4.72429
4.69285
4.67808
4.6771
4.6807
4.69056
4.70655
4.73623
4.77223
4.83774
4.90704
5.02714
5.16869
5.3723
5.78437
5.99926
6.44465
7.08744
7.68834
8.23183
8.40375
8.325
8.18133
8.00885
7.79589
7.55946
7.2747
7.01061
6.76077
6.53616
6.32677
6.13984
5.96321
5.80575
5.6582
5.52754
5.4057
5.2979
5.19763
5.10929
5.02914
4.95725
4.89344
4.83432
4.78462
4.73673
4.69926
4.66572
4.64368
4.62587
4.62272
4.62885
4.65444
4.68246
4.75369
4.8111
4.95174
5.15192
5.47591
6.29577
7.3398
9.7141
14.4742
16.6915
17.4007
15.4607
9.84472
6.67415
5.00603
4.19006
3.63816
3.19744
2.88427
2.64211
2.47268
2.36318
2.28987
2.25898
2.25301
2.26678
2.30352
2.35624
2.41982
2.49512
2.58312
2.68198
2.78958
2.9039
3.02494
3.15213
3.2857
3.42562
3.5716
3.72352
3.88167
4.0456
4.21471
4.38817
4.5651
4.74582
4.92969
5.11648
5.3055
5.49612
5.68784
5.88048
6.07409
6.269
6.46521
6.66287
6.86195
7.06238
7.26438
7.46833
7.67485
7.8849
8.09891
8.317
8.53934
8.76712
9.00145
9.24326
9.49276
9.75084
10.0175
10.2931
10.5766
10.8672
11.1637
11.4638
11.7621
12.0534
12.3384
12.6204
12.8987
13.1712
13.4457
13.7366
14.0381
14.3402
14.6475
14.9631
15.2902
15.6316
15.9902
16.3688
16.7705
17.198
17.6539
18.1404
18.6599
19.2276
19.8628
20.5572
21.2977
22.0672
22.8459
23.6631
24.5435
25.4607
26.3822
27.2643
28.0643
28.72
29.1717
29.3631
29.3189
29.0549
28.4083
27.4323
26.203
24.7902
23.2448
21.6474
20.04
18.481
16.9767
15.5738
14.2767
13.1042
12.0318
11.0384
10.1493
9.31012
8.63689
7.94486
7.49346
6.86685
6.6141
6.03164
4.63655
4.58496
4.54519
4.5227
4.51339
4.51595
4.52374
4.54006
4.56021
4.5969
4.63727
4.70996
4.78514
4.91052
5.06795
5.27014
5.64688
5.96349
6.40556
6.91964
7.42703
7.84881
7.92168
7.84279
7.72164
7.57857
7.40439
7.2224
7.02743
6.81165
6.60566
6.41766
6.23962
6.07631
5.92022
5.77745
5.64216
5.51934
5.4036
5.29909
5.2007
5.11269
5.03097
4.95715
4.88949
4.82817
4.77272
4.72345
4.67903
4.64312
4.61203
4.5916
4.5764
4.57777
4.58658
4.60912
4.63346
4.6896
4.73538
4.86389
4.99401
5.36227
5.98712
7.08002
9.46303
14.4853
16.8827
17.9152
16.7943
12.4725
8.27627
6.21068
5.09763
4.33932
3.83951
3.45973
3.18037
2.99294
2.84766
2.76636
2.72269
2.7083
2.72398
2.76565
2.82237
2.89235
2.97882
3.08118
3.1963
3.32027
3.45174
3.58972
3.73434
3.88578
4.04408
4.20939
4.38207
4.56171
4.74759
4.93875
5.13419
5.33399
5.53743
5.74411
5.95328
6.1642
6.37632
6.5894
6.80348
7.01888
7.23569
7.4541
7.67417
7.89594
8.11972
8.34595
8.57537
8.80893
9.04717
9.29023
9.53831
9.79249
10.0538
10.3232
10.6007
10.887
11.1823
11.4865
11.7987
12.1182
12.4437
12.7729
13.1005
13.4214
13.7363
14.0481
14.3559
14.658
14.9624
15.2824
15.6132
15.9462
16.2853
16.6341
16.9957
17.3732
17.7697
18.1884
18.6325
19.1048
19.6083
20.1451
20.7176
21.343
22.0413
22.8034
23.6146
24.4558
25.3038
26.19
27.1409
28.1282
29.1161
30.0559
30.9001
31.5799
32.0319
32.2003
32.1273
31.7951
31.0448
29.9571
28.5999
27.0508
25.3646
23.6276
21.882
20.1889
18.5544
17.0302
15.6187
14.338
13.1587
12.0621
11.0758
10.1447
9.39051
8.6146
8.09429
7.38197
7.08286
6.39658
4.36258
4.33538
4.31427
4.30602
4.30595
4.31444
4.32803
4.35266
4.37697
4.42117
4.4663
4.54634
4.62893
4.75753
4.92847
5.12942
5.46485
5.84846
6.29008
6.69548
7.12782
7.39801
7.389
7.30904
7.20344
7.08508
6.93362
6.78407
6.63688
6.48691
6.32309
6.17209
6.02765
5.89259
5.76246
5.64153
5.52591
5.41937
5.31821
5.22554
5.1372
5.05774
4.98183
4.9145
4.84969
4.79334
4.73883
4.69311
4.64937
4.61645
4.5855
4.56707
4.55137
4.55188
4.55785
4.57483
4.59148
4.63079
4.65744
4.72081
4.79674
4.92143
5.21368
5.70627
6.69167
8.82778
13.3081
16.6551
18.1011
17.9726
16.0648
11.2893
8.35578
6.53605
5.47961
4.79419
4.29311
3.96243
3.69045
3.51291
3.4042
3.32493
3.29799
3.31051
3.34925
3.40294
3.47623
3.5727
3.69002
3.82143
3.96257
4.11089
4.26588
4.4278
4.59718
4.77479
4.9614
5.15675
5.36003
5.57006
5.78565
6.00652
6.2318
6.46082
6.69267
6.92647
7.16158
7.39767
7.63478
7.8732
8.1131
8.35477
8.59839
8.84412
9.09239
9.34378
9.59909
9.85938
10.1252
10.3968
10.6744
10.959
11.2515
11.5527
11.8626
12.1817
12.5101
12.8476
13.1933
13.5463
13.9054
14.2682
14.6296
14.9847
15.3338
15.6795
16.0212
16.3572
16.6959
17.0498
17.4147
17.7833
18.1595
18.5468
18.9486
19.3683
19.8093
20.2748
20.7684
21.2932
21.8522
22.4478
23.082
23.7743
24.5455
25.3855
26.2775
27.2001
28.1258
29.0887
30.1161
31.1776
32.2344
33.2306
34.1136
34.8068
35.2434
35.3727
35.2549
34.8237
33.9447
32.7199
31.2116
29.5058
27.6607
25.7689
23.8718
22.0332
20.2582
18.6049
17.0721
15.6761
14.3815
13.1742
12.0843
11.0566
10.2173
9.35338
8.75956
7.95714
7.60929
6.81315
4.01106
4.01399
4.0168
4.0291
4.04074
4.06421
4.08349
4.11864
4.14801
4.20099
4.25146
4.34019
4.42812
4.56948
4.73122
4.96784
5.24188
5.65069
6.07201
6.40997
6.76414
6.87139
6.81751
6.72777
6.63023
6.52197
6.39263
6.26221
6.14072
6.02567
5.91184
5.79384
5.68019
5.57316
5.46978
5.3728
5.27965
5.19305
5.1107
5.0349
4.96241
4.89752
4.83427
4.77898
4.72475
4.67839
4.6336
4.596
4.562
4.53543
4.51366
4.49893
4.49218
4.49378
4.50302
4.51927
4.54284
4.56893
4.60772
4.6439
4.70437
4.76271
4.87188
5.0725
5.44048
6.21886
7.98411
10.9281
15.6561
17.4739
18.6114
18.3425
16.501
12.1847
9.26825
7.55458
6.34929
5.63234
5.0988
4.71695
4.47653
4.28407
4.15084
4.09894
4.09636
4.11455
4.15263
4.2213
4.32503
4.45536
4.60224
4.75892
4.92252
5.09251
5.26984
5.45638
5.65405
5.86324
6.08315
6.31228
6.54909
6.79281
7.04215
7.29606
7.5533
7.81275
8.0736
8.33544
8.59825
8.86234
9.12797
9.39556
9.66547
9.93803
10.2138
10.4936
10.7784
11.0692
11.3668
11.6714
11.9832
12.3032
12.6323
12.9708
13.3188
13.6766
14.044
14.4208
14.8059
15.1983
15.5969
15.9991
16.3998
16.7944
17.1831
17.5682
17.9491
18.3245
18.7031
19.0968
19.502
19.9126
20.3325
20.7653
21.2148
21.6846
22.1782
22.6993
23.2515
23.8385
24.4633
25.1283
25.8349
26.6058
27.462
28.3916
29.3757
30.3909
31.4034
32.4506
33.5593
34.6969
35.8213
36.8675
37.7769
38.4633
38.8586
38.9267
38.7368
38.1617
37.123
35.7283
34.0409
32.1546
30.1308
28.0681
26.0058
24.0103
22.0856
20.2969
18.6366
17.1182
15.6995
14.3742
13.1743
12.0462
11.1176
10.1614
9.48895
8.59207
8.19308
7.28117
3.5576
3.60155
3.63082
3.6766
3.7032
3.74888
3.77631
3.82591
3.86174
3.9258
3.9824
4.08172
4.17446
4.33235
4.48438
4.74723
4.98548
5.3915
5.77605
6.0685
6.31868
6.31394
6.21414
6.10045
5.99843
5.88584
5.76627
5.64512
5.53905
5.44408
5.35385
5.27036
5.18531
5.10522
5.02571
4.95132
4.88086
4.81542
4.75439
4.69736
4.64373
4.59525
4.54869
4.50757
4.4686
4.43454
4.40427
4.37772
4.35815
4.34231
4.33388
4.33016
4.33542
4.34489
4.36652
4.38767
4.41892
4.452
4.49509
4.5458
4.60358
4.6722
4.73526
4.82955
4.96004
5.21505
5.7844
6.81934
9.02496
12.1883
16.1936
17.8187
18.9523
18.9023
18.0307
15.0034
11.567
9.46429
8.06827
7.03625
6.39617
5.94671
5.59608
5.3765
5.27048
5.21397
5.17949
5.17691
5.22711
5.32882
5.46513
5.62112
5.78751
5.96015
6.13889
6.32681
6.52815
6.74524
6.97777
7.22382
7.48122
7.74837
8.02323
8.304
8.58886
8.87625
9.16511
9.4549
9.74561
10.0376
10.3312
10.627
10.9258
11.2281
11.5346
11.8464
12.1647
12.4905
12.8249
13.168
13.5201
13.882
14.2544
14.6375
15.0311
15.4352
15.8494
16.2731
16.7051
17.1444
17.5897
18.0385
18.4854
18.9261
19.361
19.7922
20.2191
20.6407
21.0663
21.5076
21.961
22.4218
22.8939
23.3814
23.8881
24.4179
24.9747
25.5624
26.1849
26.846
27.549
28.2965
29.0885
29.9518
30.9067
31.9381
33.0256
34.1438
35.2506
36.3871
37.5772
38.786
39.9687
41.0468
41.9559
42.5981
42.9095
42.8875
42.5729
41.7929
40.555
38.9511
37.0535
34.9623
32.7415
30.4943
28.2565
26.0964
24.017
22.0909
20.2998
18.6534
17.1024
15.6534
14.339
13.1086
12.0875
11.0352
10.279
9.284
8.83164
7.79854
2.97315
3.07016
3.13416
3.22342
3.27229
3.34812
3.38769
3.45762
3.5022
3.58124
3.6454
3.75791
3.85686
4.02849
4.18077
4.45024
4.67681
5.07101
5.41635
5.67982
5.78294
5.74034
5.57667
5.41241
5.29067
5.14777
5.00577
4.88361
4.78325
4.7005
4.62874
4.56542
4.5051
4.4478
4.3934
4.34472
4.29612
4.25765
4.21066
4.17875
4.13515
4.11071
4.07567
4.05694
4.02914
4.01608
3.99861
3.99234
3.98994
3.99231
3.99713
4.01012
4.02543
4.05203
4.08002
4.11797
4.15258
4.20279
4.25256
4.32689
4.40326
4.49893
4.58913
4.67679
4.77365
4.87067
5.05616
5.37326
6.09058
7.15143
9.37776
11.8048
15.6266
17.8133
18.7387
19.4329
19.362
18.6726
16.2954
13.2683
11.1196
9.72569
8.68297
7.91146
7.4345
7.14294
6.94949
6.80038
6.71585
6.71442
6.78453
6.90279
7.04819
7.20686
7.37214
7.54564
7.73447
7.94503
8.17868
8.43303
8.70502
8.99174
9.28981
9.59609
9.90766
10.2223
10.5385
10.8556
11.1739
11.4938
11.8158
12.141
12.4703
12.8047
13.1451
13.4928
13.8491
14.2155
14.5927
14.9811
15.3808
15.7927
16.2172
16.6541
17.1029
17.5631
18.0337
18.5139
19.0022
19.4975
19.9982
20.5018
21.0031
21.4978
21.9867
22.4721
22.9534
23.4299
23.9118
24.4105
24.9224
25.4439
25.9792
26.5326
27.1085
27.711
28.3441
29.0119
29.7184
30.4677
31.2631
32.1076
32.9992
33.9699
35.0363
36.1787
37.3761
38.6019
39.8023
41.0241
42.2841
43.5446
44.7586
45.8272
46.6813
47.2101
47.3701
47.2169
46.6708
45.615
44.1247
42.2673
40.1292
37.8142
35.386
32.9519
30.5404
28.221
25.9944
23.9401
22.0226
20.2473
18.5597
16.9868
15.5587
14.2291
13.1146
11.964
11.1196
10.0252
9.51798
8.3597
2.22071
2.38475
2.4936
2.63823
2.71727
2.83262
2.89017
2.98737
3.04463
3.1454
3.22013
3.35093
3.45794
3.64421
3.79881
4.07085
4.28862
4.67661
4.99755
5.18431
5.23108
5.12335
4.88935
4.62582
4.43447
4.19718
4.02314
3.83847
3.75801
3.68287
3.64189
3.60732
3.57515
3.54561
3.51954
3.49677
3.47715
3.46119
3.44842
3.43794
3.43042
3.4246
3.42071
3.419
3.41834
3.42036
3.42514
3.43222
3.44626
3.46254
3.48524
3.51003
3.54231
3.57796
3.62281
3.66668
3.71809
3.77271
3.84448
3.92813
4.04145
4.15479
4.29502
4.40286
4.53644
4.62353
4.74951
4.85666
5.07426
5.42456
6.00102
7.15944
8.38543
10.9393
13.3833
16.459
18.3033
19.1665
19.8063
20.2515
20.198
19.5241
17.5793
15.112
13.1541
11.7943
10.9213
10.2968
9.78844
9.42799
9.21779
9.13802
9.15714
9.24322
9.36176
9.49654
9.64866
9.82682
10.0353
10.2723
10.5352
10.8205
11.1235
11.4387
11.7618
12.0894
12.4199
12.7529
13.0891
13.4293
13.7744
14.1256
14.4843
14.8513
15.228
15.6154
16.0149
16.4278
16.8549
17.2963
17.7522
18.2232
18.7095
19.2109
19.7259
20.2534
20.7917
21.3392
21.8943
22.4555
23.0213
23.5892
24.1534
24.7105
25.2617
25.8103
26.3555
26.8971
27.4468
28.0156
28.5989
29.1939
29.8051
30.438
31.0974
31.7874
32.5117
33.2743
34.0791
34.9302
35.831
36.7851
37.7869
38.8762
40.0554
41.2996
42.593
43.906
45.1677
46.4414
47.7247
48.9784
50.1531
51.1155
51.8008
52.0891
52.0145
51.5848
50.6367
49.2264
47.4198
45.2811
42.9059
40.3881
37.7859
35.2042
32.6545
30.2122
27.8755
25.7286
23.7068
21.8152
19.9995
18.3173
16.788
15.3723
14.1688
12.9221
11.9884
10.7987
10.2367
8.9528
1.25831
1.48729
1.6443
1.85306
1.96922
2.13533
2.21855
2.35632
2.43432
2.57095
2.66418
2.82653
2.94794
3.15834
3.31747
3.59449
3.79656
4.16167
4.43795
4.58629
4.57941
4.40054
4.01917
3.56015
3.24206
2.95346
2.7074
2.52355
2.4392
2.40161
2.38487
2.37737
2.3729
2.36965
2.37248
2.3714
2.38292
2.3856
2.40485
2.41322
2.43678
2.4507
2.47635
2.49298
2.52169
2.54088
2.57466
2.59701
2.63895
2.66894
2.71773
2.75437
2.81034
2.85599
2.92305
2.97608
3.04737
3.11304
3.20765
3.31487
3.46509
3.62453
3.81201
3.98472
4.1582
4.31442
4.447
4.58024
4.67677
4.83835
4.99556
5.31928
5.76902
6.42289
7.59171
8.79384
10.8084
13.147
15.3758
17.6315
19.1883
19.9543
20.6186
21.0995
21.5357
21.6284
21.3235
20.4254
18.8553
17.2324
15.8308
14.762
14.0295
13.5948
13.3994
13.3388
13.3488
13.4058
13.5012
13.6314
13.7968
13.9986
14.2336
14.4914
14.7655
15.0525
15.3498
15.6592
15.9815
16.3177
16.6685
17.0345
17.4161
17.8134
18.2264
18.6556
19.1016
19.5651
20.0465
20.5451
21.0612
21.5955
22.149
22.7212
23.3099
23.9123
24.526
25.1485
25.7776
26.4114
27.0487
27.6862
28.3182
28.9414
29.559
30.175
30.789
31.4012
32.0266
32.6747
33.3368
34.0109
34.703
35.422
36.1724
36.9554
37.7733
38.6295
39.5275
40.4708
41.4626
42.5077
43.5934
44.7631
45.9665
47.1901
48.4039
49.5742
50.6845
51.7808
52.8079
53.7524
54.5505
55.0392
55.2857
55.2177
54.8651
54.0399
52.773
51.0855
49.0727
46.7808
44.3107
41.7375
39.1096
36.5203
33.9731
31.5443
29.2496
27.1445
25.1003
23.1527
21.2612
19.5217
17.9301
16.4616
15.1846
13.8545
12.8392
11.5699
10.9568
9.55445
0.184735
0.330382
0.430153
0.640417
0.762912
0.996441
1.11959
1.34042
1.46293
1.67743
1.81381
2.05087
2.21562
2.50024
2.69979
3.04061
3.26869
3.67731
3.97776
4.03252
3.85073
3.46396
2.67776
2.00287
1.60071
1.32247
1.14503
1.04062
0.988565
0.98133
0.985894
0.98754
1.00532
1.0109
1.03343
1.04466
1.07217
1.0884
1.12169
1.14419
1.18042
1.20897
1.24647
1.27856
1.31796
1.3534
1.39628
1.43552
1.48436
1.53132
1.58473
1.63814
1.69594
1.75796
1.82487
1.89516
1.96476
2.04962
2.14378
2.27873
2.44319
2.65375
2.88434
3.13847
3.38556
3.64212
3.87111
4.0952
4.26866
4.4314
4.60205
4.73394
4.94595
5.13316
5.48038
5.90804
6.48846
7.3174
8.32643
9.51094
11.1741
13.0599
14.9014
16.7264
18.5714
20.0385
20.9667
21.6723
22.311
22.8718
23.3604
23.7802
24.1064
24.2361
24.1654
23.9894
23.659
23.2062
22.7147
22.2279
21.7839
21.4054
21.1052
20.8935
20.7725
20.7427
20.7774
20.8935
21.0784
21.3215
21.6158
21.9542
22.3293
22.7349
23.1662
23.6198
24.0941
24.5881
25.1012
25.6324
26.1824
26.7541
27.3538
27.9825
28.6326
29.2972
29.9721
30.6527
31.336
32.0195
32.7017
33.3784
34.0439
34.6983
35.348
35.9977
36.6466
37.296
37.9637
38.6522
39.3453
40.0433
40.749
41.4617
42.1831
42.9156
43.6624
44.4243
45.2048
46.0017
46.8182
47.6548
48.4947
49.3083
50.1238
50.9246
51.7074
52.4858
53.2839
54.0341
54.641
55.1401
55.4259
55.3543
55.0475
54.3043
53.1614
51.668
49.9472
47.9964
45.9557
43.8158
41.681
39.5486
37.4333
35.3781
33.3409
31.371
29.4464
27.6039
25.6927
23.8194
21.9748
20.3022
18.7497
17.3184
16.015
14.645
13.5801
12.2711
11.6179
10.1199
0.00126446
0.00939462
0.0183306
0.0411358
0.0619859
0.107295
0.144636
0.21837
0.279838
0.3954
0.494496
0.67609
0.82778
1.10108
1.31293
1.69366
1.95426
2.50428
2.82771
2.76655
2.40789
1.58409
1.01493
0.703645
0.548257
0.447406
0.379991
0.341158
0.317651
0.313408
0.311593
0.313646
0.312749
0.318806
0.317201
0.329357
0.327548
0.346239
0.346833
0.369097
0.37301
0.398732
0.405539
0.433573
0.443694
0.473933
0.488218
0.520891
0.540666
0.577897
0.602526
0.643577
0.672917
0.719507
0.756909
0.809108
0.851044
0.913315
0.975482
1.07456
1.19763
1.36343
1.56202
1.78883
2.04166
2.30766
2.59293
2.8695
3.17545
3.44174
3.70713
3.93824
4.17188
4.38752
4.60335
4.8388
5.08731
5.39041
5.74905
6.19435
6.71018
7.39106
8.14143
9.0283
9.95305
11.1946
12.5629
14.0484
15.4155
16.8852
18.23
19.7295
21.0474
22.1597
23.1215
23.8542
24.5446
25.2198
25.8788
26.5148
27.123
27.7006
28.246
28.7587
29.2389
29.6887
30.1097
30.5054
30.8796
31.2353
31.5754
31.903
32.2208
32.5317
32.8384
33.144
33.4524
33.7682
34.0959
34.4391
34.7995
35.1782
35.5725
35.9735
36.3794
36.7888
37.202
37.6189
38.0395
38.4633
38.8908
39.3242
39.7655
40.2156
40.6733
41.1398
41.6155
42.0987
42.5772
43.0469
43.5134
43.9788
44.4444
44.9088
45.3749
45.8398
46.3089
46.7734
47.2436
47.7006
48.1614
48.6002
49.0404
49.3512
49.316
49.1162
48.7757
48.3835
48.1518
47.8147
47.2339
46.5102
45.3277
43.7089
41.8156
39.6611
37.4371
35.1439
33.0117
30.9931
29.3261
27.9032
26.9151
26.2146
25.8651
25.7716
25.7286
25.6469
25.4121
24.8435
23.8012
22.6158
21.3119
20.1039
18.8415
17.6095
16.3708
15.0562
14.0179
12.7567
12.0915
10.5598
0.000528747
0.000572345
0.00068604
0.00105455
0.00164991
0.00294737
0.00485569
0.0085896
0.0147331
0.0264886
0.0442587
0.0780248
0.121224
0.202967
0.28955
0.45495
0.593107
0.947715
1.15166
1.07288
0.774991
0.494349
0.307615
0.208065
0.15837
0.126592
0.106713
0.093497
0.087519
0.0854308
0.084534
0.0846418
0.0842736
0.0858391
0.0852366
0.0887661
0.0879537
0.0937333
0.0938764
0.100303
0.102099
0.10913
0.11249
0.119916
0.12496
0.13288
0.139863
0.148488
0.157839
0.167989
0.179596
0.191199
0.20511
0.218878
0.236318
0.252502
0.272451
0.293049
0.322046
0.359272
0.417539
0.489988
0.592329
0.708827
0.856621
1.01873
1.21066
1.41332
1.6402
1.87865
2.12652
2.3792
2.63421
2.89515
3.14925
3.40613
3.65267
3.90475
4.15381
4.42107
4.69597
4.99846
5.32729
5.68754
6.0884
6.51504
7.01771
7.54409
8.14981
8.74614
9.42782
10.0714
10.8228
11.6761
12.5766
13.5456
14.4995
15.4411
16.3606
17.2771
18.1835
19.0857
19.9789
20.8679
21.7483
22.6271
23.4981
24.3686
25.2286
26.0546
26.8504
27.6194
28.3655
29.0919
29.8011
30.4953
31.1761
31.8447
32.5034
33.1539
33.7987
34.4377
35.0753
35.6741
36.2266
36.7316
37.1801
37.5721
37.9034
38.1761
38.3888
38.5498
38.6785
38.7947
38.8881
38.9664
39.0195
39.0954
39.1033
39.0556
38.9729
38.861
38.7309
38.5612
38.3749
38.1331
37.8815
37.5455
37.2163
36.7526
36.3305
35.6893
35.1657
34.171
32.7736
30.9469
29.136
27.2772
25.9994
24.5872
23.1328
21.4787
19.9074
18.3889
16.9581
15.5838
14.3222
13.1387
12.1082
11.1678
10.4227
9.76896
9.36234
9.03517
9.04433
9.16978
9.48562
10.19
10.9566
12.1862
13.5206
14.9458
15.9677
16.6089
16.5415
16.1953
15.4301
14.5408
13.7888
12.7797
12.161
10.7141
0.000531697
0.000505213
0.00048213
0.000464423
0.000454193
0.000457903
0.000497073
0.00056129
0.00085433
0.0012904
0.00271214
0.00501715
0.010347
0.0194691
0.0350469
0.0658979
0.0993194
0.209464
0.262133
0.243231
0.173799
0.110398
0.0687665
0.0465606
0.0351763
0.0281406
0.0233209
0.0205884
0.0186513
0.0181921
0.0179686
0.017881
0.017973
0.0178522
0.0183516
0.0182045
0.0192629
0.0191842
0.0207679
0.0209405
0.0228467
0.0233069
0.025526
0.0262533
0.0288006
0.029827
0.0327835
0.0341252
0.0376553
0.0394518
0.0435967
0.0457992
0.0505814
0.0534196
0.0593071
0.0625527
0.0693589
0.0737935
0.0830772
0.0928379
0.110799
0.132736
0.165785
0.205949
0.258597
0.322302
0.39949
0.490386
0.594641
0.71498
0.846819
0.992684
1.15009
1.32189
1.50328
1.69445
1.89122
2.09271
2.29915
2.50777
2.72305
2.93701
3.15926
3.37932
3.61235
3.8428
4.08876
4.335
4.59724
4.86244
5.1387
5.42151
5.70825
6.00737
6.31362
6.63312
6.95749
7.28998
7.62265
7.9608
8.29818
8.63749
8.97434
9.3117
9.64586
9.98148
10.3141
10.6489
10.9796
11.3248
11.6725
12.0296
12.3835
12.745
13.099
13.4583
13.8039
14.1488
14.4722
14.7914
15.0829
15.3609
15.5963
15.8161
16.0021
16.1533
16.2633
16.3307
16.3564
16.3387
16.2846
16.1941
16.0909
15.9796
15.8682
15.743
15.6222
15.5003
15.3775
15.1947
15.019
14.8207
14.6343
14.4168
14.2157
13.9723
13.7532
13.4762
13.2356
12.9159
12.6506
12.2771
11.9866
11.5003
10.86
10.0966
9.38177
8.71449
8.27708
7.8341
7.3784
6.90795
6.43291
5.9579
5.4935
5.04118
4.61498
4.20984
3.84334
3.50291
3.21179
2.94615
2.73938
2.55266
2.4361
2.33589
2.32621
2.3598
2.45439
2.69231
3.0069
3.65462
4.43722
5.6502
6.94483
8.50622
9.95165
11.0347
11.5068
11.4091
11.1032
10.1881
0.000533849
0.000501756
0.000483521
0.000457271
0.000444593
0.0004242
0.000416336
0.00040113
0.000401406
0.000404782
0.000469876
0.000568376
0.000989538
0.00162426
0.00325146
0.00621976
0.0107796
0.030344
0.0388999
0.0361632
0.0264881
0.0174344
0.0113068
0.00791372
0.00611827
0.00497913
0.00420925
0.00360905
0.00340512
0.00329889
0.00324286
0.00322065
0.00321918
0.00319912
0.00326709
0.00323243
0.00342273
0.00341045
0.00370141
0.00374033
0.00410467
0.00420136
0.00463819
0.00479186
0.00530625
0.00552565
0.00613516
0.00642603
0.00716498
0.00755669
0.00843501
0.00892003
0.00994167
0.0105687
0.0118342
0.0125563
0.0139829
0.0150459
0.0169416
0.0192276
0.0230873
0.0282782
0.0358541
0.0458391
0.0590574
0.0761131
0.0976524
0.124258
0.156749
0.195564
0.241322
0.293474
0.35416
0.422451
0.500116
0.584731
0.677996
0.776775
0.883969
0.995893
1.11574
1.23853
1.36681
1.49671
1.63111
1.7663
1.90429
2.04264
2.18207
2.32166
2.46031
2.59902
2.73567
2.87185
3.00585
3.1394
3.26974
3.39922
3.52488
3.64972
3.77109
3.89059
4.00623
4.11956
4.22903
4.33663
4.44083
4.5434
4.64254
4.73952
4.83327
4.92474
5.01322
5.09967
5.1833
5.26446
5.34226
5.41575
5.48473
5.54809
5.60656
5.65647
5.6989
5.72872
5.75006
5.75948
5.75878
5.74425
5.71997
5.68159
5.63549
5.57702
5.51799
5.45438
5.39436
5.32773
5.26654
5.20176
5.14157
5.06108
4.98731
4.90329
4.82737
4.73822
4.65879
4.56233
4.47816
4.37213
4.28217
4.16419
4.06776
3.93542
3.83288
3.66867
3.45766
3.20902
2.97744
2.76264
2.62192
2.48142
2.33843
2.19345
2.04821
1.90386
1.7624
1.62481
1.49336
1.36862
1.2528
1.14563
1.04911
0.962018
0.886039
0.81929
0.762876
0.71532
0.676152
0.646509
0.624503
0.614009
0.617449
0.634947
0.672839
0.774975
0.915842
1.26174
1.65509
2.54347
3.43349
4.88825
5.98621
7.37059
0.000530484
0.000506067
0.000480088
0.000461887
0.000441436
0.000428497
0.000413023
0.000404284
0.000392732
0.000387425
0.000380814
0.000381659
0.000398156
0.000435468
0.0005539
0.000731503
0.0011212
0.00338164
0.00437572
0.00414353
0.00323411
0.00233627
0.00169775
0.00131909
0.00112006
0.00098266
0.000867456
0.000824519
0.000800837
0.000789626
0.000784492
0.000781793
0.000785148
0.000783059
0.000794197
0.000788893
0.000818803
0.000818456
0.000861522
0.000869611
0.000924892
0.000941905
0.00100932
0.00103559
0.00111637
0.00115361
0.00125081
0.00130038
0.00141956
0.00148644
0.00162973
0.0017133
0.00188146
0.00198985
0.00219918
0.00232534
0.00259073
0.00271868
0.00312672
0.00339563
0.0042286
0.00492386
0.00652907
0.00806703
0.0108563
0.0138906
0.0185541
0.0238499
0.0312751
0.039847
0.0510244
0.06372
0.0796474
0.0978921
0.119904
0.144645
0.173219
0.204644
0.240031
0.278524
0.320971
0.366287
0.414687
0.465548
0.519116
0.574656
0.632112
0.69094
0.750755
0.811288
0.871716
0.932198
0.991823
1.05091
1.10874
1.16572
1.22078
1.27458
1.32616
1.3764
1.42462
1.47103
1.51534
1.55766
1.59797
1.6365
1.67327
1.70837
1.74179
1.77337
1.80331
1.83137
1.85791
1.88277
1.90621
1.92791
1.94806
1.966
1.98204
1.99564
2.00728
2.0157
2.02136
2.02275
2.02088
2.01495
2.00553
1.9915
1.97437
1.95272
1.92886
1.9012
1.87379
1.84514
1.81807
1.7891
1.76233
1.73457
1.70873
1.6767
1.64744
1.61495
1.58565
1.55208
1.52228
1.48692
1.45627
1.41843
1.38668
1.34567
1.31276
1.26792
1.23413
1.17947
1.10938
1.02721
0.951712
0.882716
0.839744
0.797224
0.754213
0.71092
0.667706
0.624869
0.582799
0.541775
0.502233
0.464399
0.428707
0.395246
0.36443
0.336132
0.310752
0.287856
0.267915
0.250099
0.235095
0.22154
0.210752
0.200608
0.193194
0.185575
0.181038
0.175816
0.175821
0.179184
0.188823
0.215534
0.268718
0.414734
0.617705
1.43492
0.000530797
0.000505911
0.000480756
0.00046196
0.000442501
0.000428849
0.000414374
0.000404747
0.000394329
0.000387766
0.000380707
0.000376563
0.000373026
0.000373876
0.000379669
0.000388373
0.00041327
0.000595086
0.000685642
0.000676338
0.000616869
0.000556652
0.000505742
0.000478542
0.000459812
0.000452555
0.000449133
0.000447234
0.00044884
0.000448412
0.00045273
0.000452619
0.000457683
0.000457812
0.000462894
0.000463343
0.000469136
0.00047036
0.000477732
0.000479933
0.000488654
0.000491881
0.000502003
0.000506349
0.000518086
0.000523808
0.000537581
0.000544906
0.000561437
0.00057103
0.000590644
0.000602495
0.000625306
0.000640489
0.000668581
0.000686253
0.000722311
0.000739688
0.000795091
0.000831123
0.000946064
0.0010406
0.00127222
0.00147518
0.00190978
0.00230633
0.00309797
0.0038085
0.00510689
0.00645065
0.00844903
0.0106607
0.0136431
0.0171031
0.0214756
0.0265385
0.0325953
0.0394931
0.0474917
0.0565034
0.0667097
0.0779708
0.0902809
0.103591
0.117931
0.133166
0.149251
0.166061
0.183462
0.201374
0.219531
0.237959
0.256361
0.274789
0.293018
0.311109
0.328737
0.346028
0.362712
0.378978
0.394665
0.409737
0.424174
0.437911
0.451021
0.463479
0.475382
0.486666
0.497404
0.507465
0.516987
0.525827
0.534162
0.541883
0.549131
0.55576
0.561875
0.567224
0.571966
0.575883
0.579184
0.581438
0.582918
0.582806
0.582133
0.579974
0.57723
0.572822
0.567982
0.561478
0.554826
0.54668
0.539108
0.530703
0.523276
0.514785
0.507483
0.499316
0.492302
0.482959
0.475035
0.465576
0.457686
0.447924
0.439956
0.429704
0.42157
0.410641
0.402284
0.390493
0.381895
0.369054
0.360284
0.344353
0.323355
0.298365
0.275901
0.255684
0.244312
0.233095
0.221708
0.210215
0.198677
0.187173
0.175777
0.164579
0.153663
0.143124
0.133038
0.123493
0.114539
0.106249
0.0986288
0.0917326
0.0855036
0.0799937
0.0750671
0.0708086
0.0669866
0.0637679
0.060799
0.0583937
0.056037
0.0542651
0.0523257
0.051086
0.0494608
0.0486255
0.0472451
0.0474828
0.0489362
0.0699935
0.00053214
0.000504672
0.000482528
0.000461072
0.000444662
0.000428426
0.000416696
0.00040477
0.000396645
0.000388139
0.00038278
0.000377048
0.000374111
0.000371111
0.000371329
0.000371975
0.000374173
0.000385761
0.000395495
0.00039592
0.000395097
0.000393105
0.000392403
0.000391984
0.000393833
0.000394374
0.000397057
0.000398129
0.000401359
0.000402735
0.000406066
0.000407388
0.000410583
0.000411797
0.000414773
0.000415897
0.000418705
0.000419814
0.000422608
0.000423746
0.000426501
0.000427673
0.000430406
0.000431627
0.000434373
0.000435679
0.000438493
0.000439911
0.000442884
0.000444492
0.000447659
0.000449457
0.000452831
0.000454942
0.00045876
0.000461086
0.000465688
0.000467844
0.000474491
0.000478719
0.000492016
0.000502902
0.000529429
0.000552758
0.000603085
0.000649338
0.000742656
0.000829559
0.0009813
0.00116025
0.00140201
0.00171145
0.00209513
0.00260001
0.00320294
0.00397653
0.00487071
0.00597787
0.0072369
0.00875653
0.0104621
0.0124562
0.014625
0.017088
0.0197395
0.0226796
0.0257834
0.0291515
0.0326353
0.0363428
0.0400934
0.0440149
0.0479175
0.0519322
0.0558828
0.0599022
0.0637904
0.0676938
0.0714249
0.075144
0.0786889
0.0821706
0.085456
0.088654
0.0916494
0.0945668
0.0972913
0.0999451
0.102402
0.104775
0.106946
0.109034
0.110923
0.112747
0.114375
0.115939
0.117292
0.118549
0.119567
0.120479
0.121147
0.121661
0.121935
0.121755
0.12167
0.121113
0.12065
0.119676
0.118829
0.117467
0.116288
0.11462
0.113273
0.111552
0.110234
0.108493
0.107199
0.105513
0.104272
0.102364
0.100951
0.0990156
0.0976085
0.0956097
0.0941894
0.0920907
0.090642
0.0884071
0.0869197
0.0845119
0.0829824
0.0803641
0.0788026
0.0754871
0.0709631
0.0654386
0.0605523
0.0561927
0.0539982
0.0518388
0.0496364
0.0473977
0.0451366
0.0428605
0.0405896
0.0383326
0.0361152
0.0339451
0.0318527
0.0298404
0.0279417
0.0261488
0.0244971
0.0229626
0.0215836
0.0203159
0.0192043
0.0181823
0.0173085
0.0164909
0.0158113
0.0151485
0.0146185
0.0140638
0.0136454
0.0131579
0.0128223
0.0123672
0.012095
0.0116401
0.0114245
0.0108798
0.000531509
0.000505635
0.000482158
0.00046256
0.000444724
0.000430322
0.000417142
0.000406866
0.000397359
0.000390241
0.000383608
0.000378977
0.000374729
0.000372315
0.000370349
0.000370425
0.000370869
0.000372078
0.000373744
0.000375053
0.000376202
0.00037736
0.00037849
0.000379578
0.000381236
0.000382477
0.000384464
0.000385697
0.000387984
0.000389245
0.000391594
0.000392745
0.000395006
0.00039603
0.000398134
0.000399048
0.000400983
0.000401811
0.000403621
0.000404397
0.000406062
0.000406786
0.000408314
0.000408989
0.00041039
0.000411023
0.000412312
0.000412906
0.000414103
0.000414672
0.000415779
0.000416318
0.00041734
0.000417869
0.000418843
0.000419341
0.000420251
0.000420792
0.000421741
0.000422689
0.000424266
0.000426236
0.000428815
0.000432524
0.000436669
0.000443438
0.000450382
0.000462597
0.00047448
0.000496134
0.000516231
0.000552906
0.0005863
0.000647462
0.000701882
0.000796671
0.00088638
0.00102259
0.00116101
0.00135112
0.00155248
0.00180898
0.00207984
0.00240622
0.00275413
0.00315673
0.00358193
0.00405792
0.0045535
0.00509286
0.00564411
0.00622934
0.00681914
0.00743161
0.00804286
0.00866746
0.00928109
0.00989684
0.0104954
0.011089
0.0116652
0.0122259
0.0127657
0.0132838
0.0137801
0.0142542
0.0147086
0.0151404
0.0155522
0.0159376
0.0163029
0.0166404
0.0169587
0.0172513
0.0175259
0.0177738
0.0180018
0.0181966
0.0183675
0.0185016
0.0186167
0.0186901
0.018717
0.0186705
0.0186654
0.0185706
0.0185172
0.0183698
0.0182679
0.0180711
0.0179271
0.0176913
0.0175258
0.0172828
0.0171208
0.0168748
0.0167157
0.0164761
0.0163236
0.016055
0.0158797
0.0156068
0.0154321
0.0151499
0.0149733
0.0146768
0.0144965
0.0141808
0.0139954
0.0136554
0.0134645
0.0130917
0.0129027
0.0124139
0.0117162
0.0108405
0.0100744
0.00939687
0.00909719
0.00880393
0.00850382
0.00819632
0.00788444
0.00756738
0.00724935
0.00692944
0.00661311
0.00629892
0.00599366
0.00569477
0.00541033
0.00513576
0.00488054
0.00463702
0.00441636
0.00420685
0.00402213
0.00384553
0.00369444
0.00354627
0.00342395
0.00329779
0.00319853
0.00308765
0.00300614
0.00290403
0.00283589
0.00273649
0.00267847
0.00257539
0.002525
0.00238418
0.000532253
0.000505089
0.00048339
0.000462549
0.000446513
0.000430856
0.0004193
0.000407818
0.000399674
0.000391446
0.000385879
0.000380206
0.000376683
0.000373122
0.000371382
0.000369694
0.000369719
0.000369995
0.000370475
0.000371244
0.000371784
0.000372742
0.000373211
0.000374361
0.000375049
0.000376396
0.000377229
0.000378638
0.000379611
0.000381045
0.00038205
0.000383397
0.000384357
0.000385593
0.000386471
0.000387591
0.000388382
0.000389394
0.000390127
0.000391061
0.000391713
0.000392565
0.000393139
0.000393909
0.000394412
0.000395105
0.000395544
0.000396164
0.000396546
0.000397104
0.000397427
0.000397922
0.000398186
0.000398626
0.000398844
0.00039923
0.000399386
0.000399752
0.000399772
0.000400292
0.000400524
0.000401326
0.000401784
0.000402851
0.000403518
0.00040488
0.000405796
0.000407575
0.000408892
0.000411391
0.000413342
0.000416992
0.000420014
0.000425649
0.000430438
0.000439109
0.000446466
0.000459369
0.000470587
0.000488708
0.000506325
0.000530756
0.000555659
0.00058712
0.000620456
0.000660145
0.000702348
0.000750469
0.000801199
0.000857113
0.000915088
0.0009772
0.0010407
0.00110709
0.00117422
0.00124319
0.00131173
0.00138081
0.0014486
0.00151608
0.00158208
0.00164652
0.00170888
0.00176893
0.00182661
0.00188194
0.00193496
0.00198559
0.00203373
0.00207905
0.00212173
0.00216145
0.00219854
0.00223293
0.00226472
0.00229376
0.00231989
0.00234245
0.00236192
0.00237714
0.00239325
0.00239821
0.00239993
0.00239472
0.00239356
0.00238404
0.00237862
0.00236446
0.00235474
0.00233622
0.00232274
0.00230074
0.0022853
0.00226263
0.00224742
0.00222443
0.0022094
0.00218693
0.00217239
0.00214729
0.00213062
0.00210507
0.00208831
0.00206187
0.00204479
0.00201702
0.0019994
0.00196986
0.00195156
0.00191979
0.00190069
0.00186517
0.00184751
0.00179808
0.00171773
0.00161985
0.00152913
0.00145394
0.00142461
0.00139604
0.00136694
0.00133667
0.00130608
0.00127439
0.00124268
0.00121003
0.00117779
0.0011448
0.00111274
0.00108016
0.00104912
0.00101773
0.000988509
0.000958988
0.000932243
0.000905012
0.000881095
0.000856219
0.000835145
0.000812326
0.000793814
0.000772474
0.00075609
0.000735503
0.000720791
0.000700142
0.000686702
0.000665101
0.000652648
0.000629017
0.000617369
0.000584747
0.000532097
0.000505626
0.000483729
0.000463759
0.000447518
0.000432667
0.000420836
0.000410005
0.000401535
0.000393785
0.000387846
0.000382465
0.000378484
0.000374985
0.000372587
0.000370624
0.000369521
0.000368913
0.000368972
0.000369106
0.000369293
0.000369532
0.000369927
0.000370252
0.000370755
0.000371237
0.000371795
0.000372362
0.000372979
0.000373605
0.000374232
0.000374833
0.000375427
0.000375984
0.000376524
0.000377028
0.00037751
0.000377956
0.000378404
0.000378811
0.000379205
0.000379562
0.000379905
0.000380211
0.000380506
0.000380764
0.000381017
0.00038123
0.000381445
0.00038162
0.000381761
0.000381846
0.000381906
0.000381918
0.000381911
0.000381854
0.000381798
0.000381686
0.00038156
0.000381686
0.000381724
0.000382064
0.000382248
0.000382735
0.000383007
0.000383581
0.000383898
0.000384522
0.000384878
0.000385556
0.000385948
0.000386685
0.000387142
0.000387995
0.000388566
0.000389597
0.000390323
0.000391593
0.000392582
0.000394148
0.000395591
0.000397555
0.0003995
0.000401922
0.000404479
0.000407493
0.000410716
0.00041437
0.000418259
0.000422533
0.000427014
0.000431808
0.000436764
0.000441943
0.000447235
0.000452672
0.000458124
0.000463616
0.00046905
0.000474452
0.000479775
0.000484958
0.000490007
0.000494849
0.000499527
0.000503988
0.000508287
0.000512361
0.000516256
0.000519884
0.000523317
0.000526467
0.000529423
0.000532113
0.000534614
0.000536826
0.000538923
0.000540566
0.000542428
0.000543436
0.000544376
0.000544504
0.000544343
0.000543749
0.000543352
0.000542483
0.000541807
0.000540635
0.000539674
0.000538219
0.000537006
0.000535321
0.00053397
0.000532238
0.00053089
0.000529134
0.000527784
0.00052606
0.00052473
0.000522829
0.000521341
0.000519407
0.000517891
0.000515892
0.000514325
0.000512232
0.000510592
0.000508374
0.00050664
0.000504268
0.000502421
0.000499864
0.00049789
0.000494228
0.000486148
0.000477674
0.000468155
0.000459845
0.000458136
0.00045547
0.000452891
0.000449946
0.000447148
0.000443931
0.000440897
0.000437381
0.000434097
0.000430257
0.000426714
0.000422531
0.000418736
0.000414203
0.000410181
0.0004053
0.000401086
0.000395858
0.000391485
0.00038589
0.000381378
0.000375362
0.000370706
0.000364173
0.000359357
0.000352168
0.00034717
0.00033914
0.000333952
0.00032484
0.000319484
0.000308955
0.000303512
0.000288634
0.000531982
0.000506149
0.000484247
0.000465054
0.000448864
0.000434669
0.000422826
0.000412458
0.000403902
0.000396427
0.000390333
0.000385049
0.00038083
0.000377243
0.000374486
0.000372225
0.000370614
0.000369332
0.000368597
0.00036806
0.000367894
0.000367839
0.000367738
0.000367682
0.000367639
0.000367641
0.000367636
0.000367692
0.000367759
0.000367872
0.000367979
0.000368082
0.000368202
0.000368305
0.000368429
0.000368525
0.00036864
0.000368722
0.000368834
0.000368905
0.000368987
0.000368981
0.000368952
0.000368898
0.000368788
0.000368689
0.000368501
0.000368354
0.000368122
0.000367935
0.000367666
0.000367443
0.000367139
0.000366884
0.000366551
0.000366263
0.000365895
0.000365584
0.000365229
0.000365053
0.000364957
0.00036503
0.000365068
0.000365264
0.000365385
0.000365635
0.0003658
0.000366064
0.000366248
0.000366519
0.00036671
0.000366974
0.000367171
0.000367438
0.000367645
0.000367908
0.000368118
0.000368372
0.000368587
0.000368838
0.000369063
0.000369316
0.000369535
0.000369781
0.00037001
0.000370263
0.000370504
0.000370766
0.000371018
0.000371289
0.000371547
0.000371821
0.000372081
0.000372351
0.000372607
0.00037287
0.000373113
0.000373357
0.000373579
0.000373798
0.000373996
0.000374188
0.000374354
0.000374533
0.000374655
0.000374827
0.000374914
0.000375037
0.00037509
0.000375121
0.000375142
0.000375123
0.000375141
0.000375048
0.000375061
0.000374904
0.000374891
0.000374689
0.000374631
0.000374378
0.000374271
0.00037396
0.000373789
0.000373407
0.000373205
0.000372784
0.000372546
0.000372082
0.000371807
0.0003713
0.000370991
0.000370449
0.00037012
0.000369564
0.000369234
0.000368667
0.000368334
0.000367762
0.000367429
0.000366824
0.000366465
0.000365843
0.000365477
0.000364829
0.000364451
0.00036377
0.000363374
0.000362651
0.000362235
0.000361459
0.000361017
0.000360111
0.000359781
0.000358567
0.000357085
0.000354892
0.00035307
0.000351167
0.000350401
0.000349428
0.000348618
0.000347533
0.000346628
0.000345395
0.000344362
0.00034294
0.000341747
0.00034009
0.000338697
0.000336756
0.000335133
0.000332862
0.000330982
0.000328339
0.000326185
0.000323131
0.000320694
0.000317183
0.000314457
0.000310433
0.000307408
0.000302798
0.000299464
0.000294166
0.000290516
0.000284395
0.000280432
0.000273306
0.00026906
0.000260667
0.000256215
0.00024415
0.000531768
0.000506801
0.000484804
0.000466618
0.000450422
0.000437074
0.000425162
0.000415403
0.000406691
0.000399593
0.000393268
0.000388161
0.000383645
0.000380069
0.000376961
0.000374583
0.000372575
0.000371046
0.000369665
0.000368622
0.000367546
0.000366721
0.00036585
0.000365208
0.000364475
0.000363963
0.000363336
0.000362909
0.000362343
0.000361961
0.000361431
0.000361067
0.000360551
0.000360193
0.000359674
0.000359308
0.000358786
0.000358406
0.000357897
0.000357515
0.000356998
0.000356597
0.000356069
0.00035565
0.000355114
0.000354681
0.000354141
0.000353696
0.000353155
0.000352702
0.000352157
0.000351695
0.000351144
0.000350671
0.000350114
0.000349627
0.000349056
0.000348558
0.000348016
0.00034766
0.000347394
0.000347233
0.000347121
0.000347061
0.000347023
0.000347009
0.000347002
0.000347005
0.000347012
0.000347023
0.000347032
0.000347044
0.000347058
0.000347073
0.000347088
0.000347101
0.000347111
0.000347118
0.000347122
0.000347124
0.000347133
0.000347109
0.000347111
0.000347062
0.000347057
0.000346992
0.000346978
0.000346894
0.000346871
0.000346767
0.000346732
0.000346608
0.000346561
0.000346415
0.000346358
0.000346192
0.000346123
0.000345937
0.000345858
0.000345653
0.000345564
0.000345342
0.000345243
0.000345006
0.000344895
0.000344646
0.000344525
0.000344264
0.000344135
0.000343863
0.000343724
0.000343442
0.000343295
0.000343002
0.000342847
0.000342545
0.000342383
0.000342069
0.000341898
0.000341572
0.000341392
0.000341053
0.000340861
0.000340506
0.000340301
0.000339928
0.000339709
0.000339315
0.00033908
0.000338667
0.000338418
0.000337986
0.000337728
0.000337285
0.000337024
0.000336571
0.000336306
0.000335844
0.000335577
0.000335096
0.000334818
0.000334321
0.000334038
0.000333522
0.000333231
0.000332691
0.000332392
0.000331824
0.000331516
0.000330917
0.000330601
0.000329953
0.000329665
0.000328906
0.000328145
0.000326959
0.000326002
0.000324868
0.000324428
0.000323787
0.000323322
0.00032259
0.000322043
0.000321178
0.000320511
0.000319465
0.000318639
0.000317365
0.000316343
0.000314797
0.000313551
0.000311693
0.000310202
0.000307994
0.000306242
0.000303649
0.000301626
0.000298605
0.000296301
0.000292799
0.000290201
0.000286145
0.00028324
0.000278532
0.000275308
0.000269817
0.000266266
0.000259807
0.000255944
0.00024825
0.000244126
0.000232901
0.000532331
0.000506745
0.000486221
0.000467728
0.000452954
0.000439296
0.000428533
0.000418382
0.000410503
0.000402937
0.000397156
0.000391529
0.000387328
0.000383214
0.000380273
0.000377405
0.000375547
0.000373733
0.000372743
0.000371714
0.000371137
0.000370181
0.00036953
0.000368514
0.000367786
0.000366743
0.000365991
0.000364953
0.000364185
0.00036315
0.000362374
0.000361352
0.00036058
0.000359588
0.000358844
0.000357886
0.000357168
0.000356241
0.000355546
0.000354647
0.000353963
0.000353078
0.000352401
0.000351527
0.000350855
0.00034999
0.000349323
0.000348466
0.000347807
0.000346957
0.000346304
0.000345459
0.000344809
0.000343965
0.000343315
0.000342467
0.000341813
0.000340956
0.000340337
0.000339668
0.000339287
0.000338858
0.000338603
0.000338283
0.000338086
0.000337811
0.000337636
0.000337374
0.000337209
0.000336956
0.000336797
0.000336548
0.000336395
0.000336153
0.000336005
0.000335767
0.000335622
0.000335385
0.000335242
0.000335005
0.000334863
0.000334626
0.00033448
0.000334237
0.000334089
0.000333844
0.000333693
0.000333445
0.000333291
0.000333038
0.000332879
0.000332621
0.000332458
0.000332195
0.000332027
0.000331759
0.000331586
0.000331313
0.000331136
0.000330858
0.000330677
0.000330393
0.000330208
0.00032992
0.000329731
0.000329438
0.000329245
0.000328948
0.000328753
0.000328451
0.000328252
0.000327946
0.000327743
0.000327432
0.000327227
0.000326911
0.000326703
0.000326381
0.000326169
0.000325841
0.000325625
0.000325291
0.00032507
0.000324727
0.000324501
0.00032415
0.000323918
0.000323556
0.000323318
0.000322946
0.000322701
0.00032232
0.00032207
0.000321682
0.000321429
0.000321033
0.000320779
0.000320376
0.00032012
0.000319707
0.000319447
0.000319026
0.000318766
0.000318336
0.000318077
0.000317639
0.000317383
0.00031694
0.000316695
0.000316253
0.000316033
0.000315609
0.000315437
0.000315014
0.000314507
0.000313773
0.00031319
0.000312605
0.000312298
0.000311689
0.000311226
0.000310478
0.000309906
0.000309002
0.000308297
0.000307214
0.000306361
0.000305077
0.000304062
0.000302549
0.000301357
0.000299588
0.000298204
0.00029615
0.00029456
0.000292182
0.000290371
0.000287624
0.000285571
0.000282394
0.000280078
0.000276393
0.000273787
0.000269489
0.00026657
0.000261522
0.000258269
0.000252279
0.000248688
0.000241477
0.000237579
0.000226893
0.000532634
0.000507095
0.000487524
0.000469472
0.000455612
0.000442351
0.000432251
0.00042231
0.000414813
0.000407254
0.000401612
0.000395823
0.00039159
0.000387261
0.000384347
0.000381664
0.000380826
0.000380225
0.000379161
0.000377427
0.000376453
0.000375381
0.000374637
0.000373369
0.000372585
0.000371179
0.000370367
0.000368893
0.000368028
0.000366531
0.000365639
0.00036421
0.000363321
0.000361956
0.000361116
0.000359821
0.000359039
0.000357836
0.000357078
0.000355912
0.000355143
0.000353978
0.000353208
0.000352056
0.000351289
0.000350147
0.000349385
0.000348253
0.000347497
0.000346375
0.000345624
0.000344509
0.000343764
0.000342652
0.000341912
0.000340801
0.000340065
0.000338952
0.000338266
0.000337402
0.000336954
0.000336376
0.000336048
0.000335594
0.000335319
0.000334913
0.000334656
0.000334262
0.000334011
0.000333626
0.00033338
0.000333002
0.000332761
0.00033239
0.000332153
0.000331788
0.000331555
0.000331194
0.000330965
0.000330608
0.000330382
0.000330029
0.000329805
0.000329455
0.000329234
0.000328887
0.000328669
0.000328325
0.000328108
0.000327766
0.000327551
0.00032721
0.000326996
0.000326655
0.000326442
0.000326103
0.00032589
0.00032555
0.000325338
0.000324998
0.000324786
0.000324445
0.000324233
0.00032389
0.000323678
0.000323334
0.000323121
0.000322774
0.000322561
0.000322212
0.000321997
0.000321645
0.000321428
0.000321072
0.000320854
0.000320494
0.000320274
0.000319908
0.000319686
0.000319315
0.00031909
0.000318712
0.000318483
0.000318098
0.000317866
0.000317474
0.000317239
0.000316839
0.000316601
0.000316193
0.000315952
0.000315535
0.000315289
0.00031486
0.000314608
0.000314167
0.00031391
0.000313454
0.000313191
0.000312722
0.000312453
0.000311969
0.000311693
0.000311191
0.00031091
0.000310389
0.000310104
0.000309566
0.000309282
0.000308731
0.000308457
0.0003079
0.000307668
0.000307089
0.000307106
0.000307498
0.000308341
0.000309464
0.000310027
0.000310405
0.00031063
0.000310689
0.000310615
0.000310325
0.000309953
0.000309129
0.000308466
0.00030731
0.000306401
0.000304962
0.000303838
0.000302126
0.000300799
0.000298804
0.000297276
0.00029497
0.000293229
0.000290571
0.000288599
0.000285528
0.0002833
0.000279733
0.000277217
0.000273042
0.000270204
0.00026527
0.000262077
0.000256171
0.000252601
0.000245401
0.000241461
0.000230607
0.000533966
0.000506513
0.00048995
0.000470666
0.00045958
0.000445236
0.000437434
0.000426361
0.000420661
0.000411869
0.000407584
0.000400458
0.000397226
0.000391491
0.000389351
0.000384846
0.000385011
0.000388344
0.000393819
0.000404541
0.000404852
0.000403463
0.000401396
0.000398649
0.000396829
0.000394446
0.000392853
0.000390726
0.000389392
0.000387548
0.000386207
0.00038413
0.000382836
0.000380886
0.000379693
0.000377847
0.000376723
0.000374974
0.00037412
0.000372702
0.00037189
0.000370437
0.000369588
0.000368133
0.000367271
0.00036581
0.000364935
0.000363467
0.000362583
0.000361109
0.00036022
0.000358741
0.000357851
0.000356364
0.000355477
0.000353984
0.000353105
0.000351606
0.000350794
0.000349613
0.000349106
0.00034834
0.000347948
0.000347328
0.000346988
0.000346429
0.000346105
0.00034556
0.000345243
0.000344709
0.000344399
0.000343876
0.000343573
0.00034306
0.000342763
0.00034226
0.00034197
0.000341476
0.000341192
0.000340707
0.000340429
0.000339951
0.000339689
0.000339263
0.000339018
0.000338592
0.000338347
0.000337926
0.000337685
0.000337268
0.00033703
0.000336616
0.000336382
0.00033597
0.000335738
0.000335328
0.000335097
0.000334688
0.000334459
0.000334051
0.000333823
0.000333413
0.000333186
0.000332775
0.000332547
0.000332134
0.000331906
0.000331489
0.00033126
0.000330839
0.000330608
0.000330182
0.000329949
0.000329517
0.000329281
0.000328843
0.000328603
0.000328157
0.000327913
0.000327458
0.00032721
0.000326745
0.000326492
0.000326016
0.000325758
0.00032527
0.000325005
0.000324502
0.00032423
0.000323712
0.000323431
0.000322897
0.000322607
0.000322054
0.000321754
0.00032118
0.000320871
0.000320275
0.000319954
0.000319334
0.000319003
0.000318356
0.000318013
0.000317339
0.000316984
0.00031628
0.000315913
0.000315177
0.000314801
0.000314034
0.000313652
0.00031283
0.000312501
0.00031394
0.000317635
0.000324512
0.000331805
0.00033744
0.000337414
0.000337974
0.000338463
0.000338297
0.000337934
0.00033719
0.000336599
0.00033542
0.000334461
0.000332961
0.000331777
0.000330015
0.000328639
0.000326627
0.000325074
0.0003228
0.000321068
0.000318502
0.000316574
0.000313664
0.000311515
0.00030819
0.000305784
0.000301945
0.000299241
0.00029476
0.000291711
0.000286406
0.000282963
0.000276571
0.000272688
0.000264811
0.000260472
0.000248405
)
;

boundaryField
{
    back
    {
        type            empty;
    }
    down
    {
        type            fixedValue;
        value           uniform 1e-08;
    }
    front
    {
        type            empty;
    }
    inlet
    {
        type            timeVaryingMappedFixedValue;
        fieldTable      k;
        value           nonuniform List<scalar> 
54
(
0.000546372
0.000546383
0.000546401
0.000546417
0.000546429
0.000546423
0.000546412
0.000546411
0.000546423
0.000546382
0.000546349
0.000546101
0.000546705
0.000545942
0.000749827
0.156817
1.17773
2.15694
2.93705
3.54537
4.01879
4.38798
4.67764
4.9048
5.08351
5.22414
5.33182
5.41828
5.48349
5.53038
5.56155
5.58404
5.59273
5.59182
5.56574
5.53599
5.50949
5.44966
5.32837
5.19858
5.12815
4.70154
4.04817
3.49317
3.01923
2.49322
2.04135
1.65053
1.30947
1.01204
0.759595
0.528764
0.301599
0.0838427
)
;
    }
    outlet
    {
        type            zeroGradient;
    }
    up
    {
        type            zeroGradient;
    }
}


// ************************************************************************* //
