/*--------------------------------*- C++ -*----------------------------------*\
| =========                 |                                                 |
| \\      /  F ield         | OpenFOAM: The Open Source CFD Toolbox           |
|  \\    /   O peration     | Version:  2212                                  |
|   \\  /    A nd           | Website:  www.openfoam.com                      |
|    \\/     M anipulation  |                                                 |
\*---------------------------------------------------------------------------*/
FoamFile
{
    version     2.0;
    format      ascii;
    arch        "LSB;label=32;scalar=64";
    class       volScalarField;
    location    "1";
    object      omega;
}
// * * * * * * * * * * * * * * * * * * * * * * * * * * * * * * * * * * * * * //

dimensions      [0 0 -1 0 0 0 0];

internalField   nonuniform List<scalar> 
10368
(
2.7246e+07
2.72461e+07
2.72461e+07
2.72461e+07
2.72461e+07
2.72461e+07
2.72461e+07
2.72461e+07
2.72461e+07
2.72461e+07
2.7246e+07
2.7246e+07
2.72459e+07
2.72459e+07
2.72458e+07
2.72474e+07
2.73324e+07
2.75815e+07
2.4768e+07
2.42951e+07
2.56319e+07
2.72674e+07
2.83458e+07
2.88033e+07
2.9372e+07
3.00958e+07
3.08156e+07
3.15473e+07
3.22732e+07
3.29583e+07
3.35813e+07
3.41478e+07
3.46674e+07
3.51586e+07
3.56273e+07
3.60714e+07
3.64892e+07
3.68876e+07
3.72744e+07
3.76401e+07
3.79882e+07
3.82927e+07
3.85727e+07
3.88227e+07
3.90411e+07
3.92406e+07
3.93959e+07
3.95509e+07
3.96693e+07
3.97397e+07
3.97716e+07
3.97654e+07
3.97505e+07
3.9725e+07
3.96285e+07
3.94523e+07
3.93985e+07
3.95707e+07
4.00335e+07
4.09557e+07
4.26121e+07
4.48451e+07
4.66899e+07
4.81199e+07
4.9147e+07
4.97031e+07
4.97424e+07
4.93971e+07
4.88718e+07
4.79459e+07
4.67614e+07
4.57984e+07
4.50493e+07
4.42293e+07
4.32539e+07
4.21349e+07
4.09807e+07
3.99308e+07
3.89671e+07
3.80769e+07
3.71708e+07
3.62868e+07
3.54331e+07
3.46278e+07
3.38724e+07
3.31655e+07
3.25134e+07
3.19051e+07
3.13534e+07
3.08397e+07
3.03824e+07
2.99733e+07
2.96113e+07
2.92952e+07
2.90189e+07
2.87729e+07
2.85576e+07
2.83709e+07
2.821e+07
2.80714e+07
2.79501e+07
2.78452e+07
2.77547e+07
2.76762e+07
2.76071e+07
2.75449e+07
2.74887e+07
2.74378e+07
2.7393e+07
2.73526e+07
2.73162e+07
2.72823e+07
2.72493e+07
2.72179e+07
2.71886e+07
2.71631e+07
2.71448e+07
2.71329e+07
2.71259e+07
2.71227e+07
2.71318e+07
2.71567e+07
2.72015e+07
2.72611e+07
2.73444e+07
2.7446e+07
2.75722e+07
2.77093e+07
2.78592e+07
2.801e+07
2.81541e+07
2.82485e+07
2.8266e+07
2.82505e+07
2.82472e+07
2.82346e+07
2.81785e+07
2.81426e+07
2.82798e+07
2.84269e+07
2.84268e+07
2.84268e+07
2.84268e+07
2.84268e+07
2.84268e+07
2.84269e+07
2.84269e+07
2.84269e+07
2.84269e+07
2.84269e+07
2.8427e+07
2.8427e+07
2.84166e+07
2.83298e+07
2.81198e+07
2.78302e+07
2.75367e+07
2.7326e+07
2.72492e+07
2.72458e+07
2.72458e+07
2.72458e+07
2.72458e+07
2.72459e+07
2.72459e+07
2.72459e+07
2.72459e+07
2.72459e+07
2.72459e+07
2.72459e+07
2.72459e+07
2.7246e+07
2.7246e+07
2.7246e+07
2.7246e+07
2.7246e+07
2.7246e+07
2.7246e+07
2.7246e+07
2.7246e+07
2.7246e+07
2.7246e+07
2.7246e+07
2.7246e+07
2.7246e+07
2.7246e+07
2.7246e+07
2.7246e+07
2.7246e+07
2.7246e+07
2.7246e+07
2.7246e+07
4.71479e+06
4.71224e+06
4.7121e+06
4.71195e+06
4.7118e+06
4.71164e+06
4.71144e+06
4.71114e+06
4.71071e+06
4.71012e+06
4.70933e+06
4.70837e+06
4.70727e+06
4.70613e+06
4.70505e+06
4.70439e+06
4.71867e+06
4.76169e+06
4.27572e+06
4.19412e+06
4.42719e+06
4.7161e+06
4.91326e+06
5.00196e+06
5.10297e+06
5.23127e+06
5.35977e+06
5.48688e+06
5.61082e+06
5.72768e+06
5.83413e+06
5.93104e+06
6.02015e+06
6.10463e+06
6.18512e+06
6.26127e+06
6.33279e+06
6.40096e+06
6.46701e+06
6.52942e+06
6.58855e+06
6.64012e+06
6.68752e+06
6.72965e+06
6.76631e+06
6.79957e+06
6.82518e+06
6.85062e+06
6.86931e+06
6.87967e+06
6.88339e+06
6.88051e+06
6.87606e+06
6.86927e+06
6.84988e+06
6.81732e+06
6.80672e+06
6.83473e+06
6.9123e+06
7.069e+06
7.354e+06
7.73942e+06
8.05812e+06
8.30519e+06
8.48274e+06
8.57903e+06
8.58609e+06
8.52666e+06
8.43619e+06
8.27658e+06
8.07216e+06
7.90582e+06
7.77646e+06
7.63501e+06
7.46674e+06
7.27366e+06
7.07443e+06
6.89317e+06
6.72679e+06
6.57312e+06
6.41671e+06
6.26412e+06
6.11676e+06
5.97773e+06
5.84733e+06
5.72529e+06
5.61272e+06
5.5077e+06
5.41245e+06
5.32377e+06
5.24482e+06
5.17419e+06
5.11169e+06
5.05713e+06
5.00942e+06
4.96694e+06
4.92978e+06
4.89756e+06
4.86978e+06
4.84585e+06
4.82491e+06
4.8068e+06
4.79118e+06
4.77764e+06
4.76571e+06
4.75499e+06
4.74528e+06
4.7365e+06
4.72878e+06
4.72182e+06
4.71553e+06
4.7097e+06
4.70401e+06
4.69859e+06
4.69355e+06
4.68916e+06
4.68602e+06
4.68398e+06
4.68279e+06
4.68224e+06
4.68382e+06
4.68813e+06
4.69588e+06
4.70618e+06
4.72057e+06
4.73813e+06
4.75994e+06
4.78361e+06
4.8095e+06
4.83555e+06
4.86046e+06
4.87676e+06
4.87976e+06
4.87709e+06
4.87653e+06
4.87437e+06
4.86467e+06
4.85848e+06
4.88223e+06
4.90766e+06
4.90763e+06
4.90762e+06
4.90763e+06
4.90764e+06
4.90766e+06
4.90767e+06
4.90768e+06
4.9077e+06
4.90771e+06
4.90773e+06
4.90774e+06
4.90775e+06
4.90596e+06
4.89097e+06
4.85472e+06
4.80474e+06
4.75406e+06
4.71766e+06
4.70438e+06
4.70375e+06
4.70369e+06
4.70361e+06
4.70351e+06
4.70339e+06
4.70326e+06
4.70313e+06
4.70304e+06
4.70299e+06
4.70302e+06
4.70315e+06
4.7034e+06
4.70375e+06
4.70417e+06
4.70464e+06
4.70511e+06
4.70557e+06
4.70599e+06
4.70639e+06
4.70675e+06
4.70709e+06
4.70739e+06
4.70767e+06
4.70793e+06
4.70816e+06
4.70838e+06
4.70856e+06
4.70874e+06
4.70887e+06
4.70904e+06
4.70915e+06
4.70926e+06
4.70945e+06
1.58824e+06
1.58056e+06
1.58017e+06
1.57974e+06
1.57933e+06
1.57889e+06
1.57832e+06
1.57751e+06
1.57633e+06
1.57467e+06
1.57246e+06
1.56974e+06
1.56661e+06
1.56327e+06
1.56001e+06
1.55719e+06
1.56045e+06
1.574e+06
1.41277e+06
1.38653e+06
1.46933e+06
1.57983e+06
1.66933e+06
1.72074e+06
1.76209e+06
1.81198e+06
1.8634e+06
1.90793e+06
1.94677e+06
1.98276e+06
2.0158e+06
2.04614e+06
2.07449e+06
2.10184e+06
2.12768e+06
2.15186e+06
2.17432e+06
2.19561e+06
2.21599e+06
2.23509e+06
2.25261e+06
2.26756e+06
2.28117e+06
2.29285e+06
2.30265e+06
2.31102e+06
2.3168e+06
2.32213e+06
2.32435e+06
2.32365e+06
2.32065e+06
2.31529e+06
2.30893e+06
2.30049e+06
2.28719e+06
2.27045e+06
2.26151e+06
2.26474e+06
2.2866e+06
2.33686e+06
2.43008e+06
2.5574e+06
2.66277e+06
2.74445e+06
2.80317e+06
2.83505e+06
2.83746e+06
2.81786e+06
2.78801e+06
2.73532e+06
2.66779e+06
2.6128e+06
2.57003e+06
2.5233e+06
2.46772e+06
2.40393e+06
2.3381e+06
2.27819e+06
2.2232e+06
2.17241e+06
2.12073e+06
2.0703e+06
2.0216e+06
1.97566e+06
1.93256e+06
1.89223e+06
1.85503e+06
1.82033e+06
1.78885e+06
1.75954e+06
1.73346e+06
1.71012e+06
1.68948e+06
1.67145e+06
1.65569e+06
1.64166e+06
1.62939e+06
1.61876e+06
1.60959e+06
1.6017e+06
1.59479e+06
1.58883e+06
1.58369e+06
1.57923e+06
1.57532e+06
1.5718e+06
1.56861e+06
1.56574e+06
1.56321e+06
1.56094e+06
1.55889e+06
1.557e+06
1.55515e+06
1.55339e+06
1.55176e+06
1.55034e+06
1.54933e+06
1.54869e+06
1.54833e+06
1.54817e+06
1.54872e+06
1.55016e+06
1.55274e+06
1.55617e+06
1.56094e+06
1.56676e+06
1.574e+06
1.58185e+06
1.59043e+06
1.59908e+06
1.60738e+06
1.61285e+06
1.6139e+06
1.61306e+06
1.61292e+06
1.61227e+06
1.60909e+06
1.607e+06
1.61486e+06
1.62336e+06
1.6234e+06
1.62342e+06
1.62347e+06
1.6235e+06
1.62354e+06
1.62358e+06
1.62361e+06
1.62365e+06
1.62368e+06
1.62371e+06
1.62374e+06
1.62376e+06
1.62318e+06
1.61824e+06
1.60626e+06
1.58974e+06
1.57297e+06
1.56089e+06
1.55641e+06
1.55608e+06
1.55589e+06
1.55564e+06
1.55533e+06
1.55499e+06
1.55462e+06
1.55427e+06
1.55401e+06
1.5539e+06
1.55402e+06
1.55444e+06
1.55518e+06
1.55622e+06
1.55747e+06
1.55885e+06
1.56024e+06
1.56159e+06
1.56284e+06
1.564e+06
1.56506e+06
1.56602e+06
1.56689e+06
1.5677e+06
1.56845e+06
1.56912e+06
1.56973e+06
1.57025e+06
1.57075e+06
1.57114e+06
1.5716e+06
1.57192e+06
1.57225e+06
1.57279e+06
761142
750897
750187
749443
748733
747962
746977
745564
743491
740552
736600
731647
725808
719412
712946
706966
705460
709929
636371
626082
672653
744107
816562
866783
895889
926002
958020
981652
998081
1.01232e+06
1.02563e+06
1.0381e+06
1.05019e+06
1.06235e+06
1.07364e+06
1.08392e+06
1.09316e+06
1.10178e+06
1.10972e+06
1.11697e+06
1.12295e+06
1.12758e+06
1.13157e+06
1.13447e+06
1.13636e+06
1.13721e+06
1.1367e+06
1.13553e+06
1.13185e+06
1.12639e+06
1.11958e+06
1.11133e+06
1.10186e+06
1.08948e+06
1.0734e+06
1.0562e+06
1.04253e+06
1.03234e+06
1.03403e+06
1.05462e+06
1.09573e+06
1.15306e+06
1.20051e+06
1.23727e+06
1.26373e+06
1.2781e+06
1.2792e+06
1.27037e+06
1.25692e+06
1.23319e+06
1.20277e+06
1.17798e+06
1.1587e+06
1.13763e+06
1.11258e+06
1.08384e+06
1.05417e+06
1.02717e+06
1.00238e+06
979491
956196
933470
911523
890817
871396
853221
836458
820822
806640
793441
781695
771190
761902
753796
746709
740408
734902
730139
726040
722510
719429
716775
714498
712536
710817
709278
707891
706642
705554
704583
703717
702924
702153
701421
700744
700157
699759
699529
699424
699402
699686
700373
701573
703148
705333
707989
711290
714875
718802
722772
726622
729233
729831
729529
729553
729366
727978
726969
730516
734493
734607
734665
734745
734815
734885
734952
735017
735078
735136
735187
735231
735262
735011
732786
727377
719893
712259
706685
704477
704074
703657
703135
702510
701810
701088
700430
699951
699788
700086
700967
702507
704653
707246
710072
712921
715643
718165
720464
722541
724417
726101
727637
729049
730316
731459
732418
733345
734075
734915
735507
736108
737092
449139
443845
442962
442091
441262
440360
439201
437529
435049
431474
426554
420187
412362
403340
393638
383976
378480
377870
337636
334458
370485
429775
495012
541556
564907
584704
606467
621821
630654
637625
644355
650880
657450
664345
670725
676363
681266
685738
689712
693205
695729
697276
698444
698856
698583
697488
695460
692821
688085
681799
674432
665891
656051
642972
625716
606941
588921
568042
554925
562047
583236
613684
638832
658274
672291
679881
680453
675745
668577
655967
639806
626631
616369
605159
591839
576560
560797
546451
533276
521106
508725
496648
484987
473987
463671
454019
445118
436817
429290
422291
416068
410507
405600
401321
397584
394269
391383
388897
386769
384940
383354
382000
380852
379878
379037
378294
377631
377041
376541
376107
375734
375404
375086
374788
374516
374287
374157
374121
374148
374207
374416
374834
375524
376410
377618
379079
380893
382869
385039
387257
389459
391043
391527
391478
391609
391642
390955
390344
392252
394544
394723
394818
394937
395038
395139
395232
395319
395399
395470
395528
395571
395588
395438
394220
391282
387198
382975
379769
378271
377644
376903
376003
374956
373817
372677
371674
370983
370806
371363
372850
375402
378953
383231
387857
392464
396792
400720
404220
407309
410035
412432
414576
416515
418233
419765
421039
422256
423212
424297
425064
425834
427093
300012
298460
297604
296827
296097
295300
294270
292777
290542
287275
282688
276577
268757
259200
248088
235736
226580
221601
196638
197447
228916
277966
333205
372815
392309
405490
420402
431398
437097
441117
445108
449151
453343
457888
462165
465902
469102
471986
474531
476736
478278
479041
479540
479464
478921
477764
475924
473691
469889
464725
458691
451791
443949
433549
418993
402231
384912
359755
333474
330229
342110
360052
374683
385934
394060
398430
398729
395939
391712
384324
374877
367175
361158
354584
346782
337841
328626
320242
312539
305421
298181
291123
284311
277888
271866
266234
261043
256207
251823
247755
244146
240928
238100
235643
233502
231614
229985
228598
227426
226425
225571
224861
224277
223805
223414
223082
222798
222556
222370
222228
222127
222055
221991
221937
221892
221865
221895
221982
222102
222223
222417
222728
223197
223775
224541
225460
226598
227844
229220
230656
232137
233289
233754
233848
234057
234206
233830
233393
234569
236099
236308
236424
236561
236676
236785
236880
236965
237034
237087
237116
237117
237078
236912
236090
234212
231602
228835
226573
225224
224286
223164
221847
220367
218812
217311
216043
215226
215100
215941
218017
221533
226411
232244
238464
244537
250097
254990
259208
262803
265868
268483
270758
272768
274521
276060
277330
278523
279459
280503
281250
281981
283185
214822
214078
213359
212752
212192
211581
210789
209618
207854
205256
201568
196569
190019
181699
171481
158867
147504
138277
121028
123937
150425
188083
232440
266478
284376
293869
304453
312951
317145
319664
322136
324763
327569
330718
333775
336449
338715
340741
342535
344088
345205
345680
345972
345867
345445
344593
343242
341703
339098
335360
330950
325981
320551
313522
302899
289951
276704
254936
221207
206665
213145
224656
233713
240589
245552
248179
248315
246533
243862
239256
233397
228622
224872
220771
215915
210362
204653
199462
194690
190276
185790
181421
177209
173241
169524
166052
162855
159881
157191
154704
152509
150563
148867
147405
146140
145039
144108
143337
142705
142177
141746
141411
141163
140994
140879
140803
140754
140732
140748
140796
140872
140971
141072
141174
141273
141375
141511
141682
141863
142025
142218
142478
142833
143252
143789
144428
145218
146089
147061
148106
149228
150153
150585
150733
150971
151144
150869
150511
151348
152465
152630
152724
152832
152915
152986
153037
153068
153076
153055
152999
152900
152745
152475
151752
150305
148332
146187
144281
142881
141663
140239
138634
136901
135150
133528
132221
131444
131437
132494
134907
138900
144395
150937
157883
164615
170690
175919
180305
183918
186889
189341
191407
193188
194714
196035
197117
198117
198904
199760
200388
200980
201973
159305
158492
157924
157455
157032
156571
155975
155093
153764
151802
149009
145202
140181
133620
125314
114292
103017
90349.5
77184.7
80725.6
101076
128136
162590
192382
210260
218194
226211
233252
236762
238519
240079
241799
243687
245898
248137
250121
251787
253264
254577
255719
256582
256919
257106
257025
256726
256137
255178
254169
252485
249888
246759
243286
239709
235378
228352
219267
210427
195160
162191
136162
137902
145955
151906
156304
159448
161062
161094
159886
158105
155109
151335
148262
145827
143160
140014
136432
132765
129437
126375
123539
120660
117862
115170
112639
110272
108067
106042
104165
102473
100922
99566.7
98379.2
97363.6
96502.1
95768.5
95148.9
94649.2
94263.3
93971.1
93742.5
93582.5
93492.4
93466
93497.5
93566.3
93658.3
93764.3
93885.4
94033.9
94203.8
94393.8
94597.1
94794.7
94983.7
95159.6
95327.5
95513.4
95717.4
95912.8
96075.4
96245.3
96457.1
96728.9
97038.2
97428.4
97893.9
98472.4
99115.7
99844.3
100651
101540
102267
102583
102686
102873
102967
102652
102326
103012
103835
103863
103878
103898
103895
103874
103828
103756
103653
103512
103327
103089
102787
102377
101632
100352
98679.9
96853.3
95156.3
93776
92492.8
91051.2
89496.2
87886.4
86323.3
84929.3
83861
83300.8
83458.5
84584.3
86920.3
90626.2
95682.1
101785
108418
114993
121008
126190
130507
133988
136743
138934
140722
142222
143486
144561
145439
146232
146861
147525
148028
148481
149259
120796
119640
119223
118856
118530
118178
117725
117058
116053
114572
112467
109595
105810
100825
94507.9
85622.4
75970
61733.9
50857.5
54170.2
68571.4
87025.9
112356
138120
156580
164375
171018
177205
180464
181897
182920
184047
185307
186855
188510
190013
191266
192368
193344
194199
194883
195141
195260
195198
194984
194583
193907
193257
192217
190472
188296
185909
183631
181190
176913
170936
165698
156750
129512
95671.2
91261.5
97249.8
101496
104517
106615
107640
107622
106769
105528
103520
101031
99006.9
97379.3
95591.5
93497.4
91130.9
88727.7
86552.7
84549.9
82691.1
80808.8
78986.5
77239.8
75602.8
74078.6
72664.4
71372.6
70183.2
69119.7
68161
67338.7
66635.6
66055.5
65579.5
65188.9
64882.2
64663.9
64529.2
64456.3
64420.5
64435.2
64501
64614.1
64767.5
64941.8
65125
65310.1
65501.3
65710.2
65930.4
66160.8
66392.6
66608.1
66805.2
66980.2
67140.9
67309.9
67482.4
67630.8
67739.7
67848.6
67988.9
68169.7
68375.4
68642.8
68971.4
69389.6
69859.2
70402.5
71018.8
71692.6
72185.5
72308.2
72289.6
72357.8
72308
71897.1
71594.9
72196
72765.6
72617.6
72528
72439.3
72334.4
72212.1
72064.8
71892.1
71687.4
71446.6
71163.5
70830.7
70440.7
69964.6
69245.6
68140.8
66765.8
65293.2
63925.6
62792.8
61744.5
60612.1
59435.7
58258.3
57149.4
56193.9
55508.7
55233.1
55529.6
56567.4
58509.4
61436.1
65381
70245.8
75754
81484
86958.2
91823.7
95898.2
99213.3
101813
103839
105446
106756
107837
108739
109470
110115
110629
111153
111564
111915
112534
93150.8
91659.8
91380.9
91089.4
90831.1
90554.8
90202.4
89689
88919.6
87788.6
86186.9
84008.6
81154.9
77396.5
72686.6
65834.9
58201.4
44503.2
35061.9
37755
47450.4
59571.2
76964.4
97798.6
116236
124774
130812
136517
139772
141147
141894
142650
143486
144561
145790
146948
147911
148753
149491
150144
150697
150912
150989
150945
150791
150520
150047
149635
149031
147907
146434
144825
143427
142228
139919
136298
133650
129706
109612
73725.9
61475
65588.7
68898.6
71243.1
72807
73541.7
73542.3
72940.6
72053.3
70684.7
69024.3
67673.2
66560.6
65335
63916.2
62333.7
60747.1
59317.9
57999.2
56772.2
55535
54345
53211.7
52155.7
51178.9
50279.1
49464.6
48722.9
48070
47498.2
47024.2
46637.3
46339.2
46109.5
45936.5
45826.4
45781.3
45795.6
45844.6
45910.6
46014.6
46153.1
46323.8
46516.7
46713.6
46905.9
47090.1
47274.1
47468.3
47664.1
47860.5
48046.5
48206.5
48341.7
48451
48545.9
48644.5
48736.1
48795.3
48817.9
48844.8
48901.4
48990
49098.8
49261.1
49475.4
49762.6
50088.9
50476.8
50921.2
51384.1
51635.7
51578
51432.6
51383.6
51207.8
50752.8
50505.2
51023.6
51380.1
51122.8
50967.1
50819
50662.4
50495.9
50311.7
50109.8
49885
49634.9
49355.8
49043.1
48693.2
48287.3
47722.8
46903.5
45918.2
44889.7
43954.6
43195.5
42511.5
41792.2
41060.6
40343.7
39685.2
39143
38799.2
38748.5
39100.2
39956.8
41429.5
43545.1
46341.5
49827.4
53911.5
58384.7
62918.9
67178.5
70847
73947.6
76431.4
78368.9
79882.7
81088.3
82062.9
82860.2
83501
84050.3
84490.6
84921.3
85269.4
85552.8
86060.1
72820.8
71151.5
70985.2
70751.8
70541.3
70319.6
70040.6
69639.1
69041.8
68168.1
66937.8
65272.7
63111.5
60279.4
56798.8
51641.3
45845.3
33996.4
25599.4
27525.6
33947.9
41781.2
53099.7
68401.5
85172.3
94698.5
100643
106128
109541
111017
111681
112225
112787
113530
114448
115350
116110
116770
117343
117855
118312
118510
118569
118545
118438
118264
117942
117691
117380
116705
115756
114710
113903
113490
112527
110621
109711
109467
96087.7
62528.5
42844.9
44392
46973.3
49000.7
50373.7
51052.8
51160.1
50787.1
50164.8
49239.1
48136.1
47230.9
46456.9
45603.6
44634.3
43575.4
42533.6
41599.6
40733.5
39924.5
39114.9
38343.7
37615.9
36942.5
36324.9
35760.7
35256.4
34803.9
34415
34089.9
33833.6
33639.9
33507.2
33414.9
33358.3
33347.8
33383.3
33456.4
33540.5
33627.5
33744.1
33881.1
34037.4
34199.4
34351.5
34489.6
34615
34738.4
34868.2
34993.2
35112.1
35213.2
35284.3
35330.6
35354.4
35368.8
35386.9
35393.2
35368.8
35319.7
35283.9
35278.6
35302.8
35347.2
35440.1
35577.1
35772.5
35995.4
36266.3
36571.3
36858.8
36929
36791.2
36585.7
36483.2
36270
35875.7
35721.6
36142.3
36352.4
36104.8
35954.6
35823.9
35688.8
35552.9
35407.7
35254.4
35089
34910.5
34716.8
34505.4
34274.6
34012
33652
33132.4
32512.4
31875.8
31310.8
30869.4
30487.3
30092.3
29695.6
29315.1
28978.5
28725.1
28607
28683.9
29023.9
29689.7
30764.7
32248
34162.8
36544.5
39380.6
42599.5
46040.5
49479.8
52615.1
55359
57670.3
59525.1
60987.7
62142.3
63063.3
63804.4
64394.7
64887.4
65282.4
65653
65959.2
66198.3
66628.4
57498.5
55902.5
55813.7
55627.5
55453
55272.5
55049.2
54732.8
54266.5
53588.7
52640.6
51365.4
49728.8
47599.5
45047.5
41234.4
36945
27334.6
19780.1
20969.5
25226.2
30292.4
37456.2
47868.8
61281.5
71225.7
77340.8
82791.9
86467.1
88163.6
88890.2
89343.7
89744.4
90260.1
90950.4
91660.9
92276.2
92808.4
93269.5
93682.7
94070.2
94264.9
94325.3
94325
94259.6
94160.3
93953.6
93814.7
93700.9
93346.2
92788.2
92156.3
91742.8
91815.9
91743.2
91041.1
91174.2
93701.5
85927
56990.8
32159.6
30268
31962.7
33656.4
34960.3
35724.9
36024.8
35907.5
35530.6
34943.9
34235.2
33634.5
33089.4
32491.3
31831.3
31131.6
30458.4
29853.9
29285.5
28750.8
28222
27723.9
27257.7
26827.7
26435.5
26078.9
25763.2
25483.8
25250.2
25065.9
24927.5
24831.9
24774.1
24736
24718.9
24736.4
24784
24851
24912.6
24970.4
25053.6
25147.1
25250.7
25348.5
25429.1
25493.2
25546.1
25599.3
25658.4
25710.7
25754.7
25779.9
25778.4
25758.9
25725.3
25689.4
25659
25619.3
25557.6
25484.2
25431.4
25409.6
25414.3
25439.5
25507.1
25609.9
25756.9
25921.3
26119.3
26331
26504.5
26492.7
26370.7
26184.3
26094.7
25922.4
25650.3
25592.9
25917.9
26048.3
25879.4
25776.8
25700.8
25620.4
25544.5
25464.1
25381.2
25293.1
25199.1
25098.1
24988.5
24869.3
24731.9
24534.7
24236.3
23874
23505.1
23187.8
22956.7
22771.9
22585.4
22401.8
22233
22095.9
22016.3
22024.5
22157.6
22457.4
22964
23742.8
24780.2
26086.1
27695.8
29617.9
31837.8
34298
36887.7
39405.4
41723.7
43763.1
45473.9
46868.8
47984.5
48875.2
49587
50151
50611.2
50979.2
51311.1
51588.8
51798.5
52172.6
45692
44401.7
44356.1
44209.4
44063.4
43915.3
43736.1
43486.7
43123.5
42599.7
41872.8
40901.9
39672.1
38085.6
36240.6
33472.6
30373.8
22892.1
16039.8
16605.7
19431.2
22726
27215.5
33982
43587.8
52711.8
58888.2
64384.4
68370.8
70392.2
71294.7
71760
72088.7
72462.9
72988.4
73554
74065
74505.4
74892.3
75235.3
75573.5
75771.5
75844
75872.2
75842.9
75802.3
75684.6
75624
75642.6
75510.8
75241.9
74911.7
74758.6
75115.8
75623.6
75723.3
76460
80929
77652.6
54322.8
26807.5
21214.9
21853.8
23009.2
24124
24943.7
25443.4
25600.8
25486.7
25189.6
24776
24390.8
24005.7
23589.9
23149.1
22698.5
22271.8
21879.1
21497.6
21134.2
20781
20451
20142.4
19855.9
19593.3
19353.6
19141.6
18955.6
18803.2
18688.7
18603.2
18545.2
18508.1
18478.1
18461.4
18470.9
18499.3
18534.4
18557.1
18575.6
18617.7
18664
18715.8
18756.4
18780.1
18790.8
18795.6
18804.2
18819.7
18829.6
18832.4
18820.9
18791.7
18752.5
18707.3
18665
18629.5
18589.6
18537.1
18481.9
18448.3
18442
18459.1
18493.9
18562.9
18657.5
18783.6
18919.3
19076
19232.6
19345.7
19323.4
19248.3
19115.6
19062.7
18951.9
18793
18803.8
19051.3
19142
19049.6
18995.3
18967.3
18934
18906.9
18877.5
18848.1
18816.8
18783
18746.5
18706.1
18661
18605.4
18512.3
18353.2
18151.8
17948.4
17782.9
17679.6
17613.7
17551.7
17494.7
17450
17427.8
17443.4
17515.1
17665
17919.1
18303.9
18871.3
19602.4
20498.8
21589.9
22887.4
24394.4
26099
27959.3
29868.3
31732.5
33455.8
34971.7
36245.5
37299.4
38155.4
38845.8
39394.1
39835.6
40187.8
40494.2
40752.3
40941.9
41273.9
36552
35599.1
35576
35462.4
35339.9
35218.1
35074.5
34879
34598.4
34197.8
33647
32917.5
32007.4
30845.9
29543.9
27578.1
25414.2
19781.8
13530.2
13594.1
15457
17603.5
20403.7
24683.1
31156.3
38376.7
44114.6
49535.7
53809.8
56222.7
57392.7
57965.4
58299.2
58602.2
59015.6
59475.1
59909.6
60285.5
60623.6
60915.7
61219.4
61420.8
61512.8
61569.8
61573.1
61579.5
61529.7
61522.2
61630.3
61646.5
61587.1
61469.9
61501.2
62005.6
62833.6
63500.7
64520.1
70168.2
70503.3
53018.1
24697.8
15766.8
15271.2
15815.6
16570.2
17270.6
17837.3
18204.3
18344.5
18306.2
18120.1
17893.8
17627.2
17347.6
17066.1
16787.3
16520.5
16257.2
15987.1
15726.4
15478.7
15247.9
15030.7
14825.7
14636
14461.6
14307.2
14173.1
14064.8
13985.5
13923.8
13879.1
13845.1
13812.7
13790.8
13788.8
13798.3
13807.9
13805.7
13802
13820.1
13839.2
13862.4
13873.9
13873.2
13865.7
13857.1
13853.8
13857.6
13857.6
13853.6
13840.3
13817
13789.5
13760.7
13736.3
13718.2
13699
13673.6
13649.2
13642.6
13658.9
13693.7
13742.4
13817.1
13909.5
14023.3
14141.4
14271.4
14393.7
14475.9
14466.3
14427.5
14345.3
14323.2
14261.4
14180.2
14228.8
14418.3
14488
14445.6
14425.7
14427.3
14424.2
14427.2
14428.9
14431.8
14434.4
14436.5
14438.1
14438.3
14436.7
14429.3
14398.2
14322.8
14218.5
14115
14040.1
14011.9
14014.8
14024.1
14038.7
14063.1
14102.8
14167.1
14266.4
14413.9
14625.9
14919.9
15337.5
15858.2
16478.5
17222.5
18100.3
19119
20283.2
21583.5
22971.3
24397
25789.9
27080.4
28209.7
29171.5
29971.4
30631.7
31163.3
31591.5
31933.9
32223.4
32467.7
32643.7
32943.4
29516.6
28766.7
28756.9
28670.6
28568
28468
28353.3
28201.4
27987.6
27686.1
27276.4
26739.2
26081.7
25254.3
24368.1
23016.5
21587.8
17504.4
11791
11453.1
12653.7
14041.9
15766.7
18421.4
22666.8
27801.9
32486.3
37446.2
41842
44645.4
46150
46914.9
47326
47620.6
47970.8
48358.8
48738.3
49070.7
49376.7
49634.4
49913
50115.7
50231.4
50313.4
50348
50392.1
50393.5
50424.9
50584.9
50695.2
50786.6
50808
50984.1
51544.5
52514.7
53542.7
54678.6
60673.7
64160.3
52178.6
24636.5
12753.8
11099.5
11119.9
11487.5
11932.9
12383.7
12796.2
13093.9
13265.2
13244.1
13136.7
12965.5
12792.5
12629
12468.2
12304
12120.8
11921.2
11727.4
11548.7
11382.4
11224.7
11074.1
10934.2
10806
10693.7
10598.4
10523.1
10469.7
10426.5
10393.8
10366.6
10339.7
10321.8
10319.4
10323.4
10325
10318.9
10313.4
10326.7
10339
10355
10360.9
10360.2
10356.5
10353.9
10356.4
10364.7
10370.5
10374
10371.6
10363.8
10354.4
10345.6
10340.9
10341.1
10341.7
10339.6
10339.4
10353.8
10385.7
10431.5
10488.2
10564
10652
10754.4
10857.6
10966.7
11064.7
11129.6
11132.8
11114.4
11069
11066.3
11037.1
11003.9
11068.6
11216.4
11274.1
11260.6
11260.4
11279.2
11292.7
11312.5
11331.3
11352
11373.2
11395
11417.5
11440.2
11462.7
11482.3
11487
11461
11415
11371.1
11349.7
11364.2
11404.9
11452.7
11505.5
11565.9
11636.6
11722.9
11830.6
11967.3
12143.1
12369.6
12680.1
13054.8
13487.2
13996.9
14592
15279.3
16068.7
16963
17944.4
18992.1
20067
21116.5
22083.6
22937.8
23671.3
24285.2
24791.1
25203.7
25537.3
25814.4
26049
26215.8
26490.5
23992.9
23401.1
23397.9
23333.6
23248.3
23166.2
23075.1
22958.6
22798.7
22576.9
22280.1
21895.8
21437.1
20870
20299.5
19420.9
18570.4
15757.6
10561.1
9898.33
10630.8
11508.4
12535.3
14140.8
16874.7
20323.3
23758.3
27771.1
31919.7
34989.5
36845
37867.5
38423.1
38769.3
39104.3
39454.1
39798.6
40104.3
40390.3
40628.2
40888.6
41091.6
41231.1
41332.7
41399.6
41469.3
41515.7
41572.7
41763.6
41921.3
42116.8
42229.2
42512.5
43074.6
44080
45282
46488.1
52126.8
58256
51098
25940.7
11363.5
8523.04
8108.04
8171.15
8363.4
8619.91
8927.99
9242.74
9512.33
9591.47
9564.22
9473.03
9384.02
9307.19
9227.05
9131.39
9005.64
8861.62
8722.73
8598.99
8484.5
8375.87
8271.89
8176.12
8089.96
8016.37
7956.8
7911.91
7882.92
7859.28
7842.18
7827.75
7813.55
7806.45
7811.77
7819.52
7824.86
7825.2
7827.2
7844.15
7858.57
7876.45
7886.07
7892.75
7897.96
7905.05
7915.96
7931.05
7943.93
7955.72
7963.27
7967.67
7971.58
7976.57
7985.2
7997.92
8011.25
8023.53
8038.82
8065.71
8105.42
8155.66
8214.31
8287.17
8368.37
8459.04
8548.78
8640.32
8720.15
8774.27
8785.47
8777.63
8757.12
8765.23
8756.81
8751.6
8819.9
8938.44
8988.7
8989.08
9001.6
9028.72
9051.03
9079.19
9106.66
9136.31
9166.92
9198.78
9231.97
9266.16
9301.16
9335.05
9359.64
9362.36
9350.86
9342.1
9351.16
9388.9
9448.72
9515.36
9586.5
9663.43
9747.11
9840.56
9946.63
10069.5
10215.1
10391
10624.2
10896.1
11198.9
11548.7
11952
12414.2
12945.8
13553.7
14234.6
14982.6
15780.5
16596.5
17387.9
18120.4
18775.4
19336.7
19811.5
20201.4
20522.8
20788.4
21014.9
21175
21430.6
19603.5
19145.9
19143.3
19096.4
19026.2
18958.9
18887.1
18799.2
18682.6
18524.4
18317.2
18053.9
17750.3
17383.5
17051.6
16537.9
16139.4
14358.6
9685.43
8755.08
9145.79
9672.62
10234.5
11159
12882.9
15131.6
17477.3
20391.9
23830.6
26870.3
28993.1
30295.7
31048.9
31502.6
31870.2
32216
32546.6
32841.2
33118.1
33348.2
33597.5
33801.2
33961.8
34079.3
34178.8
34264.6
34351
34422.4
34636.8
34806.5
35072.5
35232.2
35596.4
36124.2
37120.2
38322
39642.6
44348.7
52565.9
49376
28555.5
11024.7
6989.77
6190.91
6030.51
6038.06
6127.87
6291.75
6540.46
6789.11
6900.95
6918.89
6886.6
6858.02
6839.82
6812.06
6763.99
6685.55
6591.87
6502.7
6426.29
6356.35
6290.36
6227.35
6170.44
6120.9
6080.65
6050.99
6031.16
6022.49
6015.74
6013.14
6011.53
6009.76
6013.81
6026.88
6039.86
6051.07
6059.14
6069.02
6089.75
6107.23
6127.84
6141.84
6154.83
6166.81
6180.68
6197.22
6216.52
6233.86
6250.6
6264.19
6275.86
6287.61
6300.6
6316.74
6336.23
6356.36
6376.44
6400.09
6433.21
6475.79
6526.29
6583.43
6651
6724.35
6803.82
6881.44
6958.59
7024.95
7071.48
7086.3
7084.55
7079.79
7094.66
7098.53
7109
7174.54
7272.08
7316.49
7324.11
7344
7374.31
7400.73
7432.39
7463.58
7497.02
7531.62
7567.77
7605.55
7644.75
7685.26
7725.82
7760.65
7779.35
7787.76
7799.1
7824.84
7873.9
7941.64
8015.57
8093.43
8175.68
8262.33
8354.86
8454.34
8562.74
8683.31
8820.88
8997.42
9196.16
9408.63
9648.16
9919.97
10228.4
10583
10991.2
11455.9
11977.9
12552.6
13163.5
13783.3
14384.5
14946.4
15446.8
15884.3
16249.4
16555.7
16807.9
17025.9
17179.5
17419.8
16109.8
15741
15736.6
15702.7
15645.9
15591
15534.8
15469.8
15387.6
15279.8
15143
14974.3
14790.2
14576.7
14423.7
14188.5
14140
13191.1
9066.8
7911.7
8041.94
8321.92
8564.76
9042.21
10093.8
11527.3
13056.1
15030.5
17551.7
20165.1
22326.9
23847.7
24814.2
25417.2
25861.7
26238.5
26578.7
26878.1
27157.3
27390
27636
27842.3
28021.5
28153.5
28283.1
28379.8
28502.5
28579.2
28815.8
28974.4
29288.8
29456
29884.8
30346.5
31338.8
32377.5
33915.2
37286.4
46927.3
47076.2
31600.4
11494.4
6176.95
4974.75
4650.77
4532.07
4509.11
4560.1
4724.51
4904.75
5006.25
5040.91
5044.28
5051.95
5068.05
5070.2
5052.82
5011.4
4959.33
4910.42
4870.45
4834.5
4801.02
4769.09
4741.35
4718.71
4702.44
4693.74
4690.85
4696.18
4700.81
4708.45
4715.99
4723.23
4734.88
4752.63
4769.1
4784.51
4797.97
4812.94
4835.51
4854.67
4876.65
4893.27
4909.85
4925.54
4942.94
4962.15
4983.18
5002.51
5021.46
5038.02
5053.45
5069.3
5086.42
5106.23
5128.76
5151.95
5175.72
5203.16
5238.43
5280.92
5329.43
5383.24
5444.69
5510.15
5579.48
5646.65
5712.25
5768.45
5808.85
5824.83
5827.75
5832.24
5850.77
5861.83
5880.79
5940.69
6022.21
6061.69
6073.24
6096.93
6127.58
6155.36
6187.68
6219.68
6253.89
6289.3
6326.37
6365.14
6405.51
6447.42
6490.07
6529.27
6556.21
6575.57
6597.79
6631.83
6685.1
6754.24
6828.82
6906.77
6988.08
7072.17
7159.57
7250.27
7344.84
7444.77
7552.99
7687.45
7833.34
7982.12
8144.92
8326
8528.77
8761.48
9030.97
9342.42
9699.15
10102.5
10545.6
11013.1
11486.3
11947.7
12376.6
12766.8
13102.5
13391.7
13630.1
13838.7
13984.7
14211.7
13312.6
12996.1
12988.9
12964.5
12919.3
12874.8
12831.2
12784.4
12729.2
12660.7
12578.3
12482.6
12389.1
12293.3
12270.6
12244.2
12459.8
12171.1
8638.53
7294.76
7214.69
7314.26
7331.83
7512.43
8114.28
8999.61
9962.06
11240.8
12953.4
14907.2
16789.1
18347.6
19468.6
20226.6
20776.8
21215.3
21588.8
21910
22203.6
22448.8
22700.1
22912.8
23109.2
23255.5
23411.9
23518.2
23673.5
23750.2
24007.8
24144.5
24493.4
24637.9
25122.6
25483.3
26506.7
27249.8
29088.9
31053.1
40918.9
44412.5
34352.3
12974.2
5888.38
4222.94
3754.52
3554.54
3459.08
3435.51
3519.99
3637.15
3715.66
3750.71
3772.6
3798.08
3829.63
3847.39
3848.13
3831.22
3808.02
3786.75
3771.11
3757.55
3745.6
3734
3725.24
3719.78
3718.35
3722.66
3730.22
3743.15
3754.42
3767.88
3780.75
3793.43
3809.25
3829.05
3847.14
3864.7
3881.03
3898.5
3921.3
3940.91
3962.93
3980.59
3998.66
4015.93
4034.7
4054.69
4075.88
4095.65
4115.17
4132.89
4150
4167.69
4186.59
4207.77
4231.16
4255.24
4280.26
4308.77
4343.74
4384.4
4429.76
4479.38
4534.65
4592.69
4653.2
4711.52
4767.8
4815.94
4851.2
4867.4
4873.83
4883.84
4903.87
4918.99
4941.85
4995.24
5063.91
5099.14
5112.9
5138.02
5167.47
5195
5226.33
5257.49
5290.71
5325.11
5361.15
5398.86
5438.2
5479.14
5521.21
5561.27
5591.75
5616.58
5644.08
5681.39
5734.75
5801.65
5873.2
5947.64
6024.63
6103.32
6183.61
6264.84
6346.72
6429.59
6515.07
6617.9
6725.2
6828.68
6937.66
7055.71
7185.54
7334.17
7507.42
7711.04
7948.91
8224.81
8537.09
8878.22
9236.97
9600.52
9952.99
10286.9
10585.3
10852.1
11074.7
11274.3
11412.6
11626.8
11038.8
10771
10759.3
10741.6
10706.2
10670.3
10636.9
10604.3
10570
10531.6
10490.4
10450
10423.6
10417.4
10484.8
10604.4
11015.3
11261
8342.55
6852.71
6592.58
6551.07
6405.67
6387.94
6686.08
7203.29
7782.98
8584.85
9697.19
11039.8
12441.3
13791.6
14911.6
15763.7
16410.8
16924.2
17347.8
17705.3
18024.6
18291.6
18556.5
18780.9
18994.8
19156.4
19336.8
19453.2
19637.2
19713.6
19989.7
20102.1
20476.7
20581.2
21115.2
21349.4
22431.2
22829.2
24908.1
25884.9
34568.4
41190.5
35946.7
16049.5
6072.64
3809.53
3172.37
2911.91
2773.66
2700.62
2722.13
2787.08
2840.95
2870.05
2899.15
2931.28
2967.72
2991.83
3003.4
3000.66
2994.93
2990.51
2989.68
2989.41
2990.61
2991.01
2993.55
2998.17
3005.68
3016.92
3030.1
3046.67
3061.33
3077.63
3093.14
3108.58
3126.21
3146.43
3164.91
3183.2
3200.66
3218.94
3241.02
3260.32
3281.59
3299.35
3317.66
3335.34
3354.25
3373.99
3394.53
3413.92
3433.13
3450.99
3468.56
3486.76
3506.05
3527.25
3550.26
3573.99
3598.85
3626.86
3660.19
3698.05
3739.72
3784.84
3834.2
3885.52
3938.42
3989.23
4037.81
4079.38
4110.41
4126.54
4135.52
4148.59
4168.8
4185.96
4210.03
4256.87
4314.93
4346.48
4361.45
4386.45
4413.94
4440.3
4469.76
4499.18
4530.48
4562.88
4596.85
4632.38
4669.48
4708.17
4748.17
4787.09
4818.34
4845.32
4874.76
4912.39
4963.56
5026.29
5092.95
5162.08
5233.15
5305.15
5377.62
5449.52
5520.02
5588.76
5656.44
5735.25
5814.02
5885.02
5956.03
6030.09
6109.4
6199.9
6306.42
6434.5
6587.76
6770.68
6984.22
7225.34
7488.15
7763.86
8041.95
8315.6
8570.63
8807.91
9010.24
9198.73
9328.74
9531.57
9175.15
8958.58
8940.93
8927.59
8900.16
8871.58
8846.23
8824.7
8806.06
8790.11
8779.32
8779.69
8801.48
8857.53
8990.5
9205.65
9740.59
10427.4
8128.21
6545.96
6124.82
5966.85
5691.92
5545.94
5638.12
5907.17
6231.09
6715.1
7413.25
8295.56
9247.7
10249.5
11180.6
11994.7
12668.8
13232
13700.6
14097.7
14447.6
14742.3
15027
15268.3
15500.5
15679.1
15881
16009.9
16217.8
16297.6
16588.2
16681
17072.6
17135.7
17704.2
17819.1
18932.2
19075.9
21125
21844.3
28116.5
37347
35779.7
20546.5
6847.13
3667.8
2811.19
2486.04
2319.23
2214.51
2193.09
2215.07
2244.47
2263.89
2291.82
2324.13
2359.8
2385.73
2402.39
2408.12
2412.02
2417.12
2424.89
2432.2
2440.37
2447.71
2456.61
2466.83
2479.14
2493.82
2509.64
2527.58
2543.73
2561.08
2577.63
2594.15
2612.21
2631.96
2650.17
2668.35
2685.96
2704.13
2725.03
2743.64
2763.81
2781.18
2799.12
2816.56
2834.97
2853.94
2873.44
2892.01
2910.46
2927.89
2945.22
2963.12
2981.99
3002.43
3024.38
3047.06
3070.94
3097.57
3128.58
3163.26
3201.09
3241.7
3285.59
3330.89
3377.19
3421.55
3463.69
3499.83
3527.4
3543.36
3554.08
3568.6
3588.24
3606.15
3629.88
3670.56
3719.74
3748.12
3763.62
3787.56
3812.81
3837.5
3864.68
3891.93
3920.86
3950.8
3982.2
4015.02
4049.33
4085.15
4122.36
4159.05
4189.5
4216.71
4246.12
4282.45
4330.26
4387.98
4448.95
4512.05
4576.61
4641.58
4706.25
4769.38
4829.86
4886.86
4940.5
5000.84
5058.31
5105.85
5149.92
5193.18
5237.42
5287.72
5348.01
5423.31
5516.79
5632.71
5773.31
5937.83
6123.82
6325.29
6536.3
6751.22
6960.46
7162.75
7340.47
7513.47
7632.93
7824.19
7656.83
7475.22
7451.72
7440.75
7419.64
7397.12
7378.17
7365.02
7357.87
7358.05
7368.69
7397.02
7453.07
7550.41
7728.56
8000.19
8601.11
9625.99
7942.44
6340.72
5768.45
5512.02
5126.18
4895.38
4855.06
4956.19
5110.54
5384.28
5806.01
6366.15
6983.49
7665.66
8333.67
8980.22
9569.33
10109.5
10579.6
10994.3
11363.2
11681
11983.5
12243.4
12492
12689.3
12908.4
13053.6
13278.1
13369.7
13665.8
13753
14144
14188.9
14750.8
14811.4
15842
15958.7
17608.6
18619.8
22043
32743.4
34842.8
25103.6
8693.2
3816.75
2629.7
2210.71
2014.66
1889.98
1837.02
1828.75
1835.76
1843.65
1864.15
1892
1923.49
1948.51
1966.73
1976.89
1985.97
1996.14
2008.27
2019.62
2031.44
2042.53
2054.76
2067.84
2082.43
2098.52
2115.28
2133.36
2149.92
2167.33
2184.04
2200.72
2218.46
2237.32
2254.94
2272.6
2289.82
2307.43
2327
2344.76
2363.72
2380.47
2397.73
2414.57
2432.15
2450.08
2468.36
2485.9
2503.34
2520.01
2536.66
2553.82
2571.8
2591.06
2611.59
2632.86
2655.32
2680.14
2708.55
2739.97
2774.04
2810.36
2849.26
2889.19
2929.76
2968.56
3005.26
3036.91
3061.62
3077.32
3089.1
3104.08
3122.75
3140.61
3163.16
3198.28
3240
3265.62
3281.2
3303.56
3326.53
3349.36
3374.13
3399.09
3425.51
3452.85
3481.52
3511.49
3542.83
3575.58
3609.72
3643.69
3672.51
3698.87
3727.19
3761.4
3805.39
3857.85
3913.02
3970.01
4028.09
4086.2
4143.5
4198.65
4250.38
4297.62
4340.09
4386.1
4427.5
4457.97
4482.84
4504.45
4524.35
4546.85
4575.17
4613.72
4665.17
4733.23
4820.72
4927.88
5054.34
5195.82
5349.73
5511.44
5676.15
5841.08
5991.51
6144.42
6250.63
6427.78
6412.95
6256.21
6227.85
6217.6
6201.27
6183.69
6169.77
6162.89
6163.77
6174.42
6199.79
6246.72
6325.36
6446.81
6653.61
6952.91
7580.9
8812.97
7724.86
6191.53
5477.63
5132.32
4662.85
4374.54
4254.22
4245
4288.65
4423.63
4662.97
5005.86
5390.56
5834.16
6277.76
6732.31
7167.44
7602.93
8005.44
8386.52
8737.88
9054.25
9356.91
9626.21
9881.55
10094.6
10322
10486.4
10715.4
10829.9
11114.7
11221.2
11578.7
11655.6
12135.6
12263.7
13039
13392.9
14355.4
15906.9
17644
26678.5
32592.9
28226.2
12464.1
4398.53
2617.82
2055.66
1815.39
1672.68
1595.31
1564.69
1554.25
1550.99
1560.86
1581.11
1606.16
1628.12
1645.69
1657.65
1669.05
1681.48
1695.37
1708.52
1721.97
1734.87
1748.58
1762.9
1778.27
1794.64
1811.4
1828.98
1845.34
1862.31
1878.69
1895.04
1912.12
1929.94
1946.81
1963.74
1980.33
1997.15
2015.39
2032.25
2049.95
2065.96
2082.37
2098.42
2114.99
2131.76
2148.75
2165.16
2181.45
2197.19
2212.93
2229.09
2245.94
2263.83
2282.81
2302.52
2323.36
2346.2
2371.99
2400.26
2430.79
2463.14
2497.56
2532.75
2568.32
2602.34
2634.43
2662.33
2684.65
2700
2712.34
2727.17
2744.71
2762.02
2782.98
2813.23
2848.7
2871.92
2887.24
2907.8
2928.63
2949.55
2971.98
2994.68
3018.64
3043.44
3069.44
3096.61
3125.04
3154.78
3185.86
3216.97
3243.82
3268.8
3295.52
3327.28
3367.39
3414.75
3464.36
3515.53
3567.5
3619.23
3669.8
3717.85
3762.03
3801.15
3834.67
3869.48
3898.62
3916.57
3927.66
3934.03
3936.99
3940.31
3946.57
3959.62
3981.65
4015.75
4064.97
4129.83
4211.21
4305.79
4413.16
4529.33
4653.55
4781.9
4904.34
5033.68
5124.58
5284.4
5389.29
5251.46
5219.21
5208.39
5195.42
5181.73
5171.73
5169.42
5175.14
5192.61
5227.1
5285.1
5376.99
5509.55
5731.34
6037.44
6658.71
7979.63
7418.15
6041.62
5214.89
4781.14
4258.81
3941.61
3773.08
3699.73
3674.68
3718.53
3838.57
4036.69
4265.76
4541.72
4822.29
5122.3
5413.59
5721.89
6018.53
6315.75
6602.97
6876.89
7146.2
7399.03
7638.98
7854.08
8072.39
8252.17
8467.78
8612.21
8862.57
9014.03
9297.53
9462.32
9784.3
10084.3
10502.7
11184.1
11521.6
13309.5
14423.3
20295.7
29422.7
28476.6
17831.4
5845.14
2836.82
2014.8
1701.47
1532.26
1434.33
1382.76
1358.25
1345.62
1344.88
1356.1
1373.53
1390.88
1406.22
1418.13
1429.94
1442.79
1456.84
1470.39
1484.19
1497.67
1511.76
1526.31
1541.62
1557.63
1573.86
1590.64
1606.48
1622.75
1638.55
1654.31
1670.56
1687.32
1703.36
1719.46
1735.27
1751.22
1768.16
1784.08
1800.55
1815.76
1831.22
1846.35
1861.83
1877.41
1893.11
1908.35
1923.48
1938.19
1952.91
1967.97
1983.6
2000.09
2017.51
2035.65
2054.82
2075.69
2098.98
2124.34
2151.6
2180.38
2210.8
2241.82
2273.07
2302.97
2331.17
2355.93
2376.24
2391.15
2403.68
2418.04
2434.42
2450.9
2470.13
2496.23
2526.51
2547.6
2562.43
2581.18
2600.05
2619.14
2639.4
2659.99
2681.64
2704.08
2727.58
2752.15
2777.86
2804.79
2832.97
2861.31
2886.12
2909.52
2934.47
2963.77
3000.19
3042.83
3087.33
3133.19
3179.61
3225.59
3270.18
3312.02
3349.75
3382.1
3408.42
3434.39
3454.07
3462.75
3463.89
3459.45
3450.62
3440.71
3431.79
3427.19
3428.73
3438.85
3460.71
3494.71
3542.5
3601.24
3671.88
3750.74
3840.05
3934.98
4030.55
4134.75
4209.31
4348.82
4538.02
4421.34
4386.08
4373.75
4362.84
4352.06
4345.07
4345.75
4354.24
4375.51
4414.96
4477.59
4575.95
4710.07
4935.2
5233.69
5821.53
7133.52
6978.66
5809.36
4941.03
4434.3
3884.13
3563.92
3374.04
3264.79
3201.71
3190.26
3233.32
3335.94
3462.46
3625.42
3793.95
3980.68
4165.51
4367.25
4566.7
4772.04
4978.14
5181.9
5389.14
5593.08
5790.29
5981.22
6167.43
6344.68
6526.14
6692.13
6887.29
7086.9
7275.77
7535.38
7698.29
8133.37
8319.34
9075.03
9282.37
10684.9
11897.3
14631.3
24680.4
27681.9
22623
9254.03
3494.83
2118.26
1671.21
1455.99
1333.76
1262.3
1222.32
1199.85
1190.88
1192.7
1202.25
1214.12
1226.2
1236.7
1247.63
1259.71
1272.88
1285.93
1299.28
1312.54
1326.32
1340.5
1355.25
1370.53
1385.96
1401.79
1416.93
1432.37
1447.44
1462.47
1477.83
1493.52
1508.71
1523.92
1538.89
1553.91
1569.61
1584.58
1599.87
1614.22
1628.69
1642.88
1657.26
1671.67
1686.13
1700.23
1714.22
1727.89
1741.57
1755.53
1769.95
1785.09
1801.05
1817.68
1835.25
1854.24
1875.23
1897.95
1922.29
1947.88
1974.8
2002.19
2029.71
2056.1
2081.02
2103.14
2121.74
2136.14
2148.62
2162.38
2177.64
2193.15
2210.69
2233.33
2259.32
2278.5
2292.72
2309.75
2326.89
2344.3
2362.6
2381.27
2400.85
2421.15
2442.41
2464.62
2487.89
2512.28
2537.83
2563.61
2586.51
2608.35
2631.59
2658.58
2691.66
2730.05
2770.02
2811.17
2852.69
2893.63
2933
2969.5
3001.75
3028.49
3049
3067.92
3080.22
3081.96
3075.85
3063.58
3046.54
3027.47
3008.12
2991.33
2978.54
2972
2974.3
2985.96
3008.98
3040.8
3083.09
3132.37
3192.79
3258.81
3329.96
3409.5
3467.8
3584.79
3831.68
3733.82
3696.61
3682.27
3672.29
3663.49
3658.74
3661.02
3671
3693.73
3734.93
3797.27
3896.83
4025.99
4244.75
4525.76
5062.48
6305.48
6391.2
5434.73
4610.48
4069.86
3534.45
3216.43
3029.12
2904.95
2821.12
2781.87
2778.68
2819.2
2879.5
2967.73
3062.29
3170.33
3281.59
3404.03
3531.16
3661.81
3799.5
3934.35
4078.92
4221.13
4364.85
4508.2
4648.02
4794.44
4930.7
5086.04
5226.42
5429.34
5555.38
5824.14
5931.69
6324.64
6510.22
7047.69
7429.45
8189.4
9727.96
11209.6
18386.3
25430.3
24162.7
14964.7
5213.67
2478.13
1750.17
1445.56
1285.62
1191.31
1134.23
1098.95
1080.7
1074.58
1076.2
1082.14
1090.29
1098.46
1107.61
1118.14
1129.8
1141.74
1154.13
1166.64
1179.66
1193.09
1207
1221.35
1235.84
1250.64
1264.97
1279.51
1293.77
1307.99
1322.42
1337.08
1351.4
1365.7
1379.79
1393.88
1408.43
1422.45
1436.62
1450.11
1463.61
1476.85
1490.18
1503.49
1516.8
1529.84
1542.75
1555.44
1568.12
1581.03
1594.33
1608.23
1622.85
1638.09
1654.17
1671.45
1690.37
1710.76
1732.51
1755.31
1779.2
1803.46
1827.79
1851.2
1873.37
1893.3
1910.43
1924.3
1936.57
1949.68
1963.92
1978.44
1994.44
2014.26
2036.73
2054.18
2067.72
2083.23
2098.86
2114.76
2131.36
2148.34
2166.1
2184.53
2203.82
2223.98
2245.11
2267.27
2290.51
2314.03
2335.23
2355.68
2377.38
2402.35
2432.5
2467.18
2503.24
2540.33
2577.64
2614.25
2649.18
2681.13
2708.79
2730.87
2746.66
2759.93
2766.37
2762.89
2751.23
2733.31
2710.44
2684.98
2658.42
2633.18
2610.43
2592.16
2580.52
2576.31
2581.05
2592.86
2613.61
2639.98
2677.22
2719.25
2769.16
2826.07
2869.22
2962.63
3247.27
3162.97
3125.13
3108.69
3098.71
3091.03
3087.76
3090.74
3101.19
3123.68
3164.2
3223
3319.42
3439.53
3644.64
3901.14
4377.38
5520.75
5700.16
4936.31
4205.04
3676.87
3191.24
2890.94
2718.99
2594.67
2503.61
2449.71
2426.08
2427.95
2447.12
2487.03
2533.98
2589.7
2652.12
2719.56
2796.76
2872.39
2960.84
3041.69
3138.22
3226.45
3325.71
3417.31
3517.13
3614.56
3716.04
3822.6
3935.58
4070.97
4198.5
4353.38
4527.25
4704.91
5044.24
5226.48
5820.74
6125.36
7617.3
8582.74
11868.6
21643.4
23579.7
20089.2
9392.87
3478
2023.71
1525.37
1294.78
1166.9
1088.25
1036.64
1006
990.42
984.831
984.359
987.939
993.048
999.757
1008.22
1017.92
1028.35
1039.41
1050.84
1062.8
1075.24
1088.13
1101.45
1114.91
1128.65
1142.11
1155.7
1169.11
1182.48
1195.99
1209.65
1223.09
1236.48
1249.7
1262.9
1276.38
1289.5
1302.64
1315.29
1327.86
1340.22
1352.58
1364.9
1377.18
1389.24
1401.19
1412.97
1424.74
1436.7
1448.99
1461.79
1475.21
1489.22
1503.96
1519.72
1536.83
1555.19
1574.69
1595.09
1616.37
1637.97
1659.62
1680.53
1700.41
1718.51
1734.39
1747.72
1759.71
1772.23
1785.56
1799.14
1813.83
1831.38
1850.97
1866.88
1879.74
1893.95
1908.3
1922.89
1938.04
1953.58
1969.79
1986.62
2004.23
2022.65
2041.96
2062.24
2083.52
2105.12
2124.9
2144.18
2164.63
2187.92
2215.58
2247.13
2279.9
2313.59
2347.37
2380.36
2411.56
2439.72
2463.54
2481.78
2493.71
2502.38
2504.14
2496.56
2480.52
2458.41
2431.28
2401.26
2369.63
2338.45
2308.71
2282.16
2260.62
2244.87
2236.4
2233.4
2237.88
2246.81
2265.82
2288.6
2320.67
2357.84
2387.65
2457.71
2761.87
2688.09
2650.83
2632.5
2621.86
2614.57
2612.04
2615.16
2625.28
2646.33
2684.4
2737.92
2827.79
2936.38
3123.08
3350.66
3762.74
4784.97
4984.25
4384.7
3756.04
3269.19
2850.1
2578.49
2430.19
2315.98
2227.87
2169.72
2136.23
2121.11
2116.94
2126.88
2144.02
2166.48
2197.34
2228.95
2272.84
2311.05
2365.6
2408.56
2471.02
2519.79
2586.95
2637.54
2709.41
2760.97
2841.64
2891.99
2994.12
3049.98
3182.93
3235.5
3417.73
3488.11
3781.72
3886.55
4347.99
4554.51
5476.77
6654.68
8277.62
14859.5
21642.8
21042.3
15630.5
6235.47
2789.77
1774.05
1385.9
1197.3
1087.08
1011.79
965.36
936.182
921.24
914.438
912.5
913.69
917.257
923.167
930.545
939.103
948.568
958.62
969.315
980.585
992.347
1004.56
1016.96
1029.64
1042.17
1054.8
1067.33
1079.84
1092.43
1105.15
1117.73
1130.25
1142.64
1154.99
1167.52
1179.79
1192.01
1203.88
1215.62
1227.17
1238.68
1250.12
1261.51
1272.71
1283.81
1294.79
1305.76
1316.89
1328.3
1340.16
1352.55
1365.47
1379.04
1393.48
1409.05
1425.67
1443.27
1461.63
1480.71
1500.09
1519.5
1538.34
1556.35
1572.94
1587.77
1600.58
1612.3
1624.3
1636.86
1649.63
1663.24
1679.01
1696.26
1710.81
1723.06
1736.2
1749.48
1762.98
1776.93
1791.28
1806.21
1821.73
1837.96
1854.96
1872.79
1891.53
1911.19
1931.23
1949.93
1968.35
1987.86
2009.85
2035.52
2064.49
2094.6
2125.52
2156.43
2186.47
2214.61
2239.64
2260.29
2275.34
2284.1
2288.97
2286.97
2275.86
2256.35
2230.94
2200.52
2167.07
2131.71
2096.23
2061.47
2028.97
2000.3
1976.16
1958
1943.92
1936.41
1932.06
1936.94
1944.59
1962.06
1982.65
2001.14
2049.47
2353.23
2292.43
2256.72
2236.97
2225.25
2217.79
2215.31
2218.21
2227.42
2246.28
2280.71
2328.24
2409.18
2505.1
2670.72
2867.49
3215.72
4105.25
4294.42
3839.41
3310.81
2876.37
2523.93
2283.5
2155.49
2057.91
1979.75
1924.87
1889.18
1866.91
1853.2
1847.79
1847.14
1850.22
1861.14
1871.04
1893.1
1907.9
1939.33
1958.15
1996.63
2020.07
2063.51
2088.03
2137.31
2160.94
2219.74
2240.26
2316.25
2341.23
2434.44
2467.61
2578.17
2646.05
2792.18
2942.84
3107.09
3471.75
3766.99
4912.26
5846.3
8761.98
17062.4
20135.8
18847.5
12417.6
5065.91
2472.28
1640.94
1311.67
1144.73
1031.64
961.659
913.961
885.681
868.773
860.445
856.732
856.175
858.816
863.356
869.599
877.152
885.554
894.745
904.667
915.191
926.238
937.56
949.164
960.736
972.408
984.041
995.673
1007.39
1019.21
1030.96
1042.67
1054.28
1065.87
1077.56
1089.07
1100.5
1111.67
1122.69
1133.54
1144.32
1155.02
1165.65
1176.14
1186.52
1196.81
1207.1
1217.53
1228.21
1239.26
1250.79
1262.79
1275.38
1288.72
1303
1318.18
1334.18
1350.86
1368.14
1385.69
1403.28
1420.43
1436.92
1452.29
1466.25
1478.63
1490.11
1501.71
1513.67
1525.79
1538.57
1552.95
1568.33
1581.74
1593.47
1605.76
1618.2
1630.83
1643.85
1657.25
1671.18
1685.68
1700.84
1716.73
1733.41
1750.96
1769.39
1788.26
1806.21
1824.11
1843.06
1864.17
1888.32
1915.28
1943.33
1972.11
2000.77
2028.47
2054.16
2076.65
2094.69
2107.06
2113.17
2114.86
2109.72
2095.35
2072.96
2044.73
2011.56
1975.31
1937
1898.19
1859.63
1822.67
1788.72
1758.37
1732.95
1710.58
1694.03
1679.5
1673.81
1669.56
1675.33
1682.33
1691.42
1720.54
2012.75
1962.36
1928.85
1908.27
1895.38
1887.39
1884.36
1886.77
1894.67
1910.97
1941.07
1982.35
2053.29
2136.21
2279.68
2446.32
2733.67
3487.42
3655.89
3326.09
2892.2
2516.98
2221.72
2013.88
1901.64
1815.91
1751.83
1704.6
1671.77
1648.62
1631.6
1619.79
1611.34
1605.82
1604.3
1603.1
1610.59
1612.61
1628.17
1633.4
1654.69
1664.16
1689.12
1700.82
1729.17
1742.9
1775.16
1792.04
1829.43
1858.98
1896.83
1945.32
1981.63
2065.18
2114.51
2255.61
2317.49
2587.87
2741.01
3373.16
4158.24
5528.94
9371.85
17252.7
18400.8
16910.1
10861.3
4651.82
2362.06
1606.5
1306.35
1118.68
1007.22
930.897
883.354
851.315
832.579
820.99
815.354
813.567
814.352
817.529
822.655
829.005
836.351
844.657
853.76
863.551
873.739
884.248
894.826
905.516
916.23
926.983
937.835
948.802
959.765
970.721
981.638
992.545
1003.52
1014.38
1025.15
1035.73
1046.16
1056.44
1066.63
1076.73
1086.75
1096.64
1106.44
1116.17
1125.91
1135.77
1145.85
1156.26
1167.09
1178.35
1190.14
1202.59
1215.83
1229.85
1244.58
1259.9
1275.74
1291.84
1307.98
1323.81
1339.1
1353.51
1366.79
1378.86
1390.19
1401.54
1413.08
1424.76
1436.94
1450.25
1464.17
1476.68
1488.02
1499.7
1511.51
1523.51
1535.85
1548.57
1561.78
1575.54
1589.94
1605.05
1620.93
1637.65
1655.22
1673.32
1690.92
1708.68
1727.47
1748.15
1771.29
1796.8
1823.37
1850.59
1877.59
1903.51
1927.29
1947.73
1963.61
1973.71
1977.51
1976.52
1968.44
1951.02
1925.98
1895.12
1859.38
1820.57
1779.66
1737.98
1696.27
1655.74
1617.66
1582.49
1551.48
1522.74
1499.24
1476.97
1463.12
1449.43
1446.3
1442.13
1443.53
1456.36
1729.1
1686.59
1655.71
1634.96
1621.04
1612.41
1608.34
1610.06
1616.44
1630.05
1655.54
1690.68
1751.44
1821.7
1942.53
2084.41
2313.6
2934.42
3079
2851.87
2504.01
2191.34
1940.69
1767.57
1671.49
1594.71
1542.71
1504.09
1476.35
1455.69
1439.25
1426.12
1415.06
1405.97
1399.24
1394.21
1392.21
1389.88
1393.99
1393.33
1402.51
1405.42
1416.63
1423.08
1435.29
1445.88
1458.62
1474.71
1488.63
1515.49
1529.77
1568.03
1586.09
1640.14
1677.97
1749.68
1818.72
1918.51
2113.19
2308.01
2943.36
3627.04
5281.06
9859.58
16083.7
16637.5
15402.8
10521
4713.41
2451.42
1718.88
1338.75
1139.74
1008.59
926.786
870.589
836.318
812.2
796.849
788.448
784.259
783.002
784.696
788.267
793.166
799.359
806.657
814.968
823.892
833.234
842.747
852.401
862.138
871.967
881.934
892.057
902.259
912.52
922.811
933.136
943.529
953.859
964.115
974.227
984.202
994.047
1003.79
1013.43
1022.98
1032.41
1041.77
1051.06
1060.37
1069.8
1079.42
1089.34
1099.63
1110.33
1121.51
1133.28
1145.74
1158.87
1172.63
1186.91
1201.65
1216.63
1231.68
1246.5
1260.91
1274.61
1287.44
1299.35
1310.67
1321.93
1333.27
1344.71
1356.51
1369.04
1381.9
1393.78
1404.87
1416.18
1427.6
1439.21
1451.14
1463.45
1476.23
1489.56
1503.52
1518.19
1533.63
1549.9
1567.01
1584.76
1602.43
1620.48
1639.58
1660.31
1682.95
1707.57
1733.23
1759.45
1785.33
1809.98
1832.3
1851.1
1865.14
1873.21
1874.95
1871.58
1860.41
1840.07
1812.31
1778.72
1740.32
1698.89
1655.33
1610.86
1566.21
1522.5
1480.9
1441.71
1406.14
1372.29
1343.27
1314.95
1294.7
1273.67
1263.42
1250.21
1245.38
1244.88
1492.33
1455.88
1427.77
1407.46
1392.89
1383.68
1378.27
1379.21
1383.98
1394.93
1415.85
1445.24
1496.12
1554.74
1653.41
1774.93
1952.96
2449.46
2569.27
2420.62
2149.13
1894.68
1682.44
1542.73
1462.13
1398.38
1352.26
1321.71
1299.45
1282.44
1268.4
1256.5
1245.79
1236.27
1228.2
1221.55
1216.45
1212.49
1210.52
1208.51
1210.11
1210.05
1213.35
1216.17
1220.62
1226.13
1232.48
1240.21
1250.7
1262.04
1278.33
1291.73
1317.71
1334.97
1380.74
1403.28
1472.24
1506.83
1647.73
1740.92
2033.31
2520.44
3225.06
4954.17
9347.37
14498.1
15104.3
14295.6
11035.3
5207.49
2991.44
1933.02
1467.91
1207.63
1055.79
950.728
886.903
841.124
809.988
791.143
777.639
769.224
765.947
765.355
766.642
769.738
774.36
780.642
787.969
795.954
804.245
812.725
821.339
830.105
839.077
848.286
857.694
867.272
876.983
886.807
896.733
906.659
916.548
926.338
936.011
945.562
954.999
964.325
973.546
982.657
991.688
1000.68
1009.68
1018.79
1028.1
1037.67
1047.58
1057.88
1068.65
1079.95
1091.85
1104.36
1117.43
1130.98
1144.94
1159.14
1173.42
1187.56
1201.37
1214.66
1227.29
1239.24
1250.73
1262.11
1273.48
1284.9
1296.52
1308.57
1320.74
1332.28
1343.33
1354.51
1365.79
1377.29
1389.09
1401.28
1413.95
1427.17
1441.05
1455.65
1471.04
1487.28
1504.38
1522.28
1540.51
1559.41
1579.41
1600.8
1623.55
1647.9
1673.25
1699.06
1724.33
1748.18
1769.41
1786.82
1799.18
1805.25
1805
1799.03
1784.34
1760.83
1730.03
1693.36
1651.93
1607.49
1560.96
1513.41
1465.67
1418.76
1373.81
1330.93
1291.31
1253.06
1219.42
1186.18
1160.77
1133.86
1117.86
1097.27
1087.72
1075.76
1294.05
1262.41
1237.07
1217.71
1203.05
1193.39
1186.72
1186.77
1189.98
1198.44
1215.03
1239.27
1280.68
1330.05
1407.21
1510.98
1646.63
2033.26
2129.97
2037
1831
1626.13
1452.12
1338.46
1273.74
1222.94
1182.43
1158.17
1140.33
1126.7
1115.27
1105.39
1096.23
1087.81
1080.3
1073.79
1068.24
1063.7
1060.23
1057.5
1056.1
1055.16
1055.18
1055.14
1057.07
1058.07
1062.78
1064.34
1073.4
1076.9
1090.6
1096.29
1115.55
1126.76
1154.88
1175.05
1207.91
1247.76
1298.39
1405.2
1507.71
1785.96
2160.91
2819.61
4365.78
7868.25
12682.8
13764.7
13362.1
11663.7
7332.95
3936.55
2445.86
1735.72
1381.99
1158.17
1033.07
941.066
876.251
836.108
807.086
785.569
773.007
766.472
762.338
760.536
760.524
763.418
768.256
774.388
781.11
788.105
795.268
802.632
810.29
818.325
826.748
835.533
844.629
853.975
863.518
873.154
882.813
892.424
901.943
911.345
920.621
929.765
938.785
947.69
956.511
965.295
974.102
983.013
992.106
1001.46
1011.15
1021.22
1031.74
1042.77
1054.36
1066.5
1079.16
1092.28
1105.77
1119.51
1133.36
1147.15
1160.71
1173.91
1186.64
1198.88
1210.78
1222.52
1234.18
1245.82
1257.53
1269.41
1281.29
1292.81
1304.08
1315.43
1326.91
1338.61
1350.64
1363.07
1376.01
1389.54
1403.76
1418.75
1434.58
1451.3
1468.91
1487.51
1506.92
1527.33
1548.89
1571.57
1595.04
1619.71
1645.3
1671.18
1696.3
1719.73
1740.17
1756.42
1767.21
1771.28
1768.99
1759.75
1741.1
1713.84
1679.19
1638.6
1593.26
1544.98
1494.65
1443.38
1392.05
1341.57
1293.05
1246.41
1202.83
1160.46
1122.65
1085.16
1055.37
1023.54
1002.77
975.995
962.837
941.063
1126.99
1099.29
1076.79
1058.8
1044.67
1034.84
1027.51
1026.14
1028.27
1034.58
1047.18
1067.3
1099.11
1142.51
1199.41
1286.96
1388.8
1675.78
1761.54
1704.22
1550.55
1388.05
1249.69
1157.92
1107.66
1068.27
1032.98
1013.7
998.768
987.655
978.306
970.218
962.68
955.687
949.374
943.777
938.861
934.718
931.321
928.553
926.638
925.207
924.39
924.065
923.912
924.917
926.001
928.557
931.686
937.385
942.125
951.758
958.205
974.262
984.119
1007.91
1019.21
1054.51
1078.8
1142.42
1216.16
1334.82
1551.75
1843.95
2383.97
3593.25
5921.93
10202.4
12284.8
12192.1
11559.7
9739.15
5864.16
3506.74
2375.49
1720.55
1416.13
1202.33
1058.15
971.887
908.643
857.926
824.024
804.372
791.142
780.644
773.154
770.451
770.992
774.329
778.69
783.547
788.57
793.769
799.329
805.469
812.321
819.891
828.105
836.847
845.991
855.397
864.941
874.513
884.027
893.425
902.674
911.76
920.689
929.48
938.175
946.827
955.505
964.288
973.256
982.49
992.065
1002.05
1012.49
1023.43
1034.91
1046.93
1059.46
1072.44
1085.8
1099.43
1113.22
1127.02
1140.72
1154.2
1167.39
1180.26
1192.85
1205.24
1217.5
1229.66
1241.77
1253.84
1265.85
1277.72
1289.51
1301.37
1313.37
1325.63
1338.23
1351.27
1364.86
1379.09
1394.06
1409.87
1426.57
1444.22
1462.81
1482.63
1503.75
1526.21
1549.95
1574.56
1599.3
1624.79
1651.01
1677.28
1702.45
1725.53
1745.1
1759.93
1768.73
1770.51
1765.96
1752.88
1730.1
1698.67
1659.65
1614.55
1564.63
1511.39
1456.16
1400.03
1344.07
1289.14
1236.35
1185.48
1137.66
1091.07
1049.2
1007.72
973.957
937.764
912.838
880.667
864.685
834.449
983.89
959.989
940.604
924.553
911.601
902.085
894.834
892.058
893.392
897.965
907.389
924.196
947.044
985.135
1027.18
1098.06
1173.64
1379.99
1452.58
1418.9
1306.87
1181.58
1075.24
1003.32
964.618
934.598
903.055
887.291
872.675
863.76
855.798
849.08
842.82
837.06
831.89
827.31
823.287
819.889
817.093
814.79
813.151
811.887
811.097
810.744
810.188
811.549
811.062
814.695
815.181
821.192
823.211
831.77
835.795
847.774
855.671
870.584
881.852
901.034
923.388
956.347
1008.09
1075.55
1180.1
1339.93
1556.5
1956.9
2734.44
4241.2
6982.98
10071.8
10970
10841.2
10284.7
8923.53
6033.9
3644.84
2649.38
1973.39
1553.03
1336.51
1183.41
1060.56
975.561
924.693
890.234
861.095
836.057
818.072
808.578
805.659
805.974
807.664
809.609
811.573
813.82
816.82
820.99
826.451
833.148
840.879
849.409
858.511
867.964
877.574
887.186
896.686
906.003
915.105
923.996
932.706
941.288
949.81
958.354
967.006
975.857
984.999
994.516
1004.48
1014.95
1025.96
1037.52
1049.65
1062.32
1075.47
1089.04
1102.95
1117.08
1131.34
1145.62
1159.84
1173.92
1187.81
1201.49
1214.92
1228.12
1241.14
1253.99
1266.65
1279.26
1291.91
1304.6
1317.37
1330.31
1343.53
1357.14
1371.25
1385.96
1401.39
1417.64
1434.82
1452.98
1472.18
1492.38
1514.16
1537.85
1563.34
1590.23
1617.61
1644.26
1671.06
1698.23
1725.08
1750.31
1772.92
1791.22
1804.06
1810.13
1809.04
1800.7
1782.07
1753.77
1716.55
1671.59
1620.42
1564.42
1505.48
1444.54
1382.7
1321.28
1260.75
1202.64
1146.56
1093.72
1042.42
996.283
950.78
913.127
872.742
843.998
806.875
788.546
750.878
856.411
837.303
821.924
808.776
797.888
789.391
783.005
779.539
780.342
783.674
790.865
804.396
821.97
852.63
884.867
940.504
995.913
1141.04
1199.31
1181.23
1100.96
1007.91
929.186
873.438
843.006
817.957
790.954
777.039
760.44
752.919
743.638
738.401
733.295
728.644
724.484
720.832
717.653
715.026
712.912
711.222
710.078
709.253
708.802
708.741
708.25
709.904
709.957
712.307
714.138
717.765
721.474
726.298
732.299
738.877
748.089
756.279
767.698
779.015
796.636
818.836
851.398
897.986
954.123
1042.52
1146
1316.64
1558.78
2053.29
2873.1
4487.7
6522.04
8838.43
9662.18
9594.21
9279.38
8580.98
7152.21
4863.7
3228.54
2515.72
2034.37
1648.09
1395.51
1254.84
1163.3
1086.92
1019.2
964.809
928.732
908.668
898.217
892.028
886.84
881.445
876.026
871.511
869.132
869.277
872.12
877.279
884.226
892.506
901.65
911.259
921.005
930.654
940.06
949.153
957.93
966.44
974.758
982.987
991.232
999.603
1008.21
1017.18
1026.59
1036.56
1047.12
1058.31
1070.15
1082.63
1095.74
1109.44
1123.65
1138.29
1153.29
1168.55
1183.98
1199.5
1215.04
1230.51
1245.77
1260.69
1275.31
1289.66
1303.74
1317.51
1331.26
1345.24
1359.35
1373.54
1387.95
1402.67
1417.83
1433.54
1449.94
1467.16
1485.32
1504.52
1524.83
1546.27
1568.74
1593.29
1620.55
1650.2
1681.35
1712.33
1741.3
1769.61
1797.66
1824.81
1849.55
1870.9
1886.77
1896.27
1898.24
1893.08
1878.01
1852.13
1816.34
1771.4
1718.6
1659.48
1595.57
1528.77
1460.05
1390.59
1322
1254.9
1190.61
1128.46
1069.64
1012.9
961.961
912.044
870.279
825.571
793.078
751.193
730.725
686.379
732.039
720.753
711.819
703.377
696.09
689.888
685.373
682.762
683.51
686.399
692.415
703.799
717.789
742.447
767.188
810.432
850.66
951.91
996.972
987.55
931.277
866.009
808.424
762.431
734.111
709.896
685.677
671.166
655.191
648.46
638.826
634.148
628.587
624.931
621.703
618.943
616.606
614.795
613.442
612.487
611.985
611.792
611.531
612.388
612.429
614.008
614.931
617.262
619.37
623.106
626.223
631.441
635.56
642.856
648.31
657.769
663.48
676.324
684.867
706.849
723.797
762.559
792.008
852.031
901.199
993.613
1089.22
1254.51
1516.06
1949.14
2769.27
3788.46
5368.44
7043.31
8183.46
8381.74
8302.88
8045.14
7537.25
6687.17
5307.42
3789.9
2795.33
2321.46
2027.51
1776.13
1553.93
1379.78
1263.25
1192.65
1150.24
1121.39
1096.91
1072.91
1049.05
1026.78
1008.21
994.952
987.453
985.309
987.154
992.156
999.26
1007.57
1016.39
1025.21
1033.75
1041.87
1049.55
1056.86
1063.93
1070.9
1077.92
1085.14
1092.72
1100.78
1109.47
1118.9
1129.13
1140.18
1152.06
1164.78
1178.33
1192.68
1207.74
1223.44
1239.7
1256.42
1273.51
1290.9
1308.48
1326.11
1343.53
1360.54
1377.16
1393.45
1409.35
1424.84
1440.39
1456.38
1472.58
1488.86
1505.36
1522.19
1539.49
1557.41
1576.13
1595.83
1616.61
1638.56
1661.72
1686.07
1711.41
1739.61
1771.62
1806.82
1843.38
1878.33
1909.22
1938.3
1966.13
1992.2
2014.62
2032.55
2043.26
2046.71
2042.57
2029.18
2003.46
1967.44
1921.25
1865.92
1802.77
1733.26
1659.11
1582.14
1503.44
1424.35
1346.77
1271.05
1198.72
1128.88
1063.39
1000.78
944.617
889.76
843.368
793.889
757.51
710.898
688.259
637.805
583.695
586.688
589.927
590.429
590.302
589.749
589.849
590.744
593.107
597.959
604.703
616.729
628.87
650.176
669.414
703.107
731.478
798.881
833.692
830.542
796.602
752.178
703
653.761
619.198
590.572
564.861
548.038
532.961
526.949
521.159
517.945
515.054
512.587
510.591
509.106
508.024
507.505
507.138
507.742
507.523
509.507
509.252
512.371
512.255
516.225
516.652
521.294
522.723
528.504
530.759
537.623
540.612
548.891
553.096
562.871
567.049
579.95
585.24
606.236
617.425
649.254
670.511
709.619
744.126
789.863
847.784
907.844
1012.54
1132.98
1387.57
1676.08
2262.15
2901.33
3916.74
5101.32
6181.16
6980.97
7236.83
7208.2
7100.18
6869.58
6483.42
5973.29
5262.3
4373.6
3473.22
2760.11
2335.28
2092.99
1938.19
1820.07
1715.35
1616.93
1525.72
1445.26
1378.13
1325.86
1288.83
1264.85
1251.08
1244.79
1243.5
1245.17
1248.31
1251.87
1255.22
1258.14
1260.66
1262.96
1265.28
1267.76
1270.57
1273.89
1277.91
1282.81
1288.74
1295.86
1304.18
1313.69
1324.41
1336.37
1349.61
1364.05
1379.63
1396.24
1413.82
1432.25
1451.44
1471.26
1491.6
1512.18
1532.54
1552.36
1571.66
1590.54
1608.85
1626.58
1644.58
1663.36
1682.38
1701.4
1720.55
1739.96
1759.81
1780.4
1802
1824.74
1848.69
1873.86
1900.19
1927.61
1955.53
1987.62
2025.03
2066.44
2108
2144.72
2174.27
2200.16
2223.33
2243.65
2258.49
2267.45
2266.86
2260.33
2243.69
2215.24
2174.87
2124.64
2064.99
1996.68
1920.73
1838.51
1751.88
1662.39
1571.59
1480.98
1392.58
1306.42
1224.44
1145.61
1072.49
1003.4
941.686
881.613
830.111
775.423
734.946
683.619
658.714
602.466
322.053
347.015
369.508
395.378
415.303
436.328
450.354
467.261
478.108
494.996
507.097
527.871
543.632
570.611
590.506
624.549
648.228
698.692
725.282
723.355
697.118
647.753
581.282
510.318
463.147
426.062
397.927
381.135
368.692
364.869
362.951
362.185
361.768
361.901
361.553
363.276
362.859
366.17
365.913
370.579
370.604
375.966
376.424
382.141
383.101
389.236
390.717
397.351
399.74
407.274
410.36
418.694
422.312
431.738
436.404
447.084
451.564
464.422
471.505
489.461
506.468
530.965
559.573
586.853
624.578
652.431
699.034
729.59
787.651
830.984
919.579
1002.02
1161.01
1377.44
1672.82
2110.18
2627.78
3237.16
4058.86
4799.31
5478.47
5961.7
6168.14
6160.7
6123.52
6041.08
5887.35
5682.74
5416.32
5109.1
4742.19
4332.55
3902.75
3481.79
3097.05
2769.04
2506.41
2306.46
2168.68
2072.04
2003.15
1952.57
1913.92
1882.8
1856.29
1832.57
1810.65
1790.12
1770.97
1753.32
1737.26
1722.98
1710.58
1700.15
1691.78
1685.57
1681.65
1680.19
1680.78
1683.61
1688.49
1695.61
1705.08
1716.78
1730.62
1746.46
1764.23
1783.74
1804.81
1827.22
1850.74
1874.79
1898.47
1921.21
1943.13
1964.36
1984.57
2003.7
2023.4
2044.41
2065.51
2086.36
2107.06
2127.73
2148.67
2170.95
2194.51
2219.12
2244.56
2270.73
2297.28
2324.37
2350.28
2382.3
2420.18
2461.13
2495.98
2518.04
2525.75
2527.8
2526.18
2520.85
2508.69
2491.02
2465.24
2433.02
2392.91
2344.72
2291.92
2232.43
2164.61
2089.18
2006.71
1918.44
1825.87
1729.96
1632.8
1535.19
1439.33
1345.12
1255.85
1169.89
1090.96
1016.42
949.278
883.566
826.654
766.784
722.402
666.774
639.608
577.828
222.705
219.353
220.328
223.979
229.34
240.296
248.746
264.603
276.362
297.726
314.227
343.693
366.081
405.453
433.325
481.854
512.653
577.061
605.591
604.768
557.978
476.227
378.94
320.373
291.45
272.961
260.574
253.469
249.289
248.346
247.872
247.64
247.504
247.313
247.63
247.418
248.63
248.355
250.747
250.706
253.643
254.101
257.415
258.261
262.005
263.236
267.529
269.17
274.227
276.497
282.268
284.991
291.418
294.882
302.559
306.312
315.287
319.077
331.37
339.363
359.556
374.991
404.685
426.691
462.874
490.086
530.096
561.764
603.584
640.997
684.806
733.448
785.138
861.869
947.965
1078.38
1237.57
1453.28
1702.58
2044.04
2381.68
2794.05
3289.59
3797.31
4237.23
4612.22
4931.54
5122.51
5208.23
5205.76
5191.92
5161.82
5113.77
5048.73
4965.95
4869.01
4758
4639.61
4509.18
4372.89
4231.48
4085.06
3937.53
3792.07
3651.18
3516.7
3390.07
3272.16
3163.67
3064.82
2975.56
2895.6
2824.37
2761.26
2705.67
2657.05
2615.04
2579.19
2549.05
2523.91
2504.4
2491.42
2484.63
2483.2
2486.48
2494.09
2505.71
2520.58
2538.17
2557.75
2578.76
2599.91
2619.41
2636.65
2652.31
2666.74
2679.4
2689.97
2701.61
2714.98
2727.43
2738.89
2749.52
2759.28
2768.56
2776.51
2783.27
2788.56
2792.78
2795.38
2796.27
2795.23
2792.09
2788.78
2784.34
2774.73
2756.23
2736.88
2716.14
2693.44
2666.63
2636.68
2600.95
2561.28
2514.44
2462.95
2404.59
2340.09
2267.14
2188.35
2104.85
2019.97
1934.42
1850.26
1767.24
1684.59
1601.69
1516.57
1430.7
1343.43
1258.64
1175.69
1099.23
1024.87
955.803
886.456
825.386
761.967
714.999
656.525
627.415
560.894
221.244
213.057
204.248
198.228
191.576
187.845
183.906
182.984
183.878
186.578
191.608
201.333
212.239
232.462
250.437
283.598
307.538
363.38
393.13
384.998
331.404
279.971
243.918
224.337
214.845
208.995
205.319
203.527
203.346
203.263
203.947
203.989
204.819
204.79
205.652
205.598
206.617
206.584
207.784
207.869
209.152
209.377
210.737
211.088
212.549
213.048
214.678
215.337
217.251
218.148
220.368
221.468
224.009
225.431
228.546
230.145
233.977
235.608
241.294
244.427
254.093
262.423
276.995
291.653
310.691
331.935
354.966
382.273
408.511
441.304
470.135
507.165
539.524
582.172
622.318
675.16
730.102
803.116
884.184
988.512
1111.75
1252.66
1418.58
1607.51
1816.56
2032.47
2255.45
2514.33
2795.92
3071.76
3324.13
3536.5
3734.3
3893.49
4047.16
4156.36
4235.37
4281.18
4312.35
4313.9
4311.17
4303.19
4292.21
4278.58
4262.44
4243.87
4223.05
4200.07
4175.12
4148.41
4120.13
4090.48
4059.63
4027.74
3994.99
3961.55
3927.66
3893.56
3859.42
3825.34
3791.51
3757.32
3723.13
3688.44
3653.68
3619.23
3585.37
3552.36
3520.44
3489.69
3460.22
3432
3405.23
3379.73
3355.41
3331.92
3309.47
3287.81
3266.69
3245.38
3224.69
3204.05
3183.75
3162.91
3142.19
3120.37
3098.58
3074.93
3051.36
3024.88
2998.71
2968.04
2938.6
2900.47
2855.6
2800.39
2743.61
2680.75
2625.48
2566.01
2499.3
2427.44
2347.3
2263.32
2170.06
2074.7
1966.89
1851.36
1732.89
1616.28
1505.26
1403.8
1313.74
1237.86
1176.08
1129.57
1097.12
1077.2
1066.88
1060.84
1053.55
1037.4
1011.6
968.07
916.274
857.235
802.67
745.068
701.744
645.309
615.536
546.894
221.335
213.041
204.227
197.822
190.803
186.133
180.816
177.591
173.81
171.934
169.836
170.136
171.545
174.768
179.837
189.802
198.608
222.709
235.877
232.498
216.659
202.122
192.142
187.338
185.283
184.282
183.945
184.602
184.845
185.949
186.379
187.458
187.863
188.84
189.192
190.111
190.463
191.353
191.735
192.629
193.019
193.918
194.309
195.2
195.597
196.481
196.895
197.778
198.226
199.143
199.614
200.562
201.058
202.069
202.64
203.751
204.325
205.77
206.398
208.848
210.453
214.927
218.21
225.579
230.856
241.594
249.824
263.866
275.564
292.973
308.312
328.583
347.669
371.236
394.525
421.674
449.483
481.115
515.282
554.088
597.78
647.645
702.843
766.18
835.613
913.979
996.327
1086.76
1181.77
1285.11
1388.72
1497.32
1600.27
1707.12
1803.97
1908.84
2019.45
2129.32
2237.61
2342.81
2442.27
2532.32
2613.4
2686.7
2752.7
2812.74
2866.89
2916.32
2960.72
3000.93
3036.88
3069.14
3097.97
3123.6
3146.58
3166.39
3184.14
3197.58
3208.94
3216.02
3222.4
3223.42
3223.54
3221.79
3216.46
3207.5
3195.06
3178.84
3159.6
3136.78
3111.62
3083.42
3054.87
3025.41
2996.7
2966.47
2937.46
2907.75
2878.99
2844.52
2811.62
2775.67
2741.63
2703.31
2667.33
2625.55
2586.87
2540.44
2498.26
2445.79
2399.28
2339.17
2287.7
2213.39
2121.78
2010.58
1901.64
1792.2
1711.5
1627.25
1541.03
1449.16
1357.47
1260.9
1167.1
1070.96
982.989
903.167
831.582
767.918
712.078
663.589
622.127
587.371
558.581
536.299
519.087
508.625
503.796
506.312
514.071
531.591
554.868
585.851
618.84
647.226
661.291
656.852
643.256
607.221
583.561
524.411
221.38
213.037
204.338
197.886
190.987
186.248
181.019
177.67
173.865
171.591
168.973
167.614
166.219
166.338
166.897
168.305
170.275
176.347
180.046
180.191
178.184
176.223
174.848
174.71
174.745
175.517
175.824
176.863
177.346
178.468
178.938
179.971
180.37
181.296
181.632
182.482
182.791
183.584
183.895
184.657
184.966
185.699
186.003
186.708
187.006
187.685
187.976
188.626
188.92
189.548
189.836
190.435
190.711
191.286
191.57
192.13
192.382
193.025
193.247
194.217
194.745
196.331
197.358
199.793
201.441
205.019
207.497
212.369
216.359
222.588
228.412
236.122
243.931
253.569
263.615
275.34
287.544
301.353
315.814
332.101
349.259
368.51
388.682
411.194
434.963
461.27
488.964
519.064
550.399
583.973
618.402
654.566
691.08
728.438
765.865
803.146
840.432
877.36
913.945
949.819
985.31
1019.32
1052.65
1083.9
1114.53
1142.86
1170.88
1196.42
1221.86
1244.5
1267.25
1287.06
1307.22
1324.46
1342.31
1357.08
1372.6
1384.96
1398.58
1408.37
1419.49
1425.8
1433.16
1434.32
1434.93
1432.73
1428.03
1420.27
1410.28
1397.31
1382.68
1365.6
1348.55
1330.85
1314.05
1296.19
1279.61
1262.61
1246.64
1226.7
1208.28
1188.04
1169.51
1148.53
1129.55
1107.36
1087.65
1063.76
1043.08
1017.01
995.198
966.448
943.604
908.747
865.009
814.384
767.358
723.896
694.912
666.041
636.787
607.274
577.82
548.644
520.12
492.46
465.99
440.994
417.683
396.199
376.65
359.011
343.316
329.375
317.204
306.522
297.269
289.22
282.683
277.268
273.628
271.479
272.367
275.76
284.852
296.541
321.641
345.732
383.994
411.178
445.966
448.239
221.594
212.84
204.656
197.774
191.408
186.238
181.498
177.756
174.353
171.723
169.401
167.673
166.35
165.603
165.56
165.712
166.049
167.329
168.351
169.136
169.411
169.594
169.96
170.426
170.933
171.705
172.173
173.063
173.553
174.463
174.901
175.73
176.09
176.827
177.123
177.786
178.044
178.649
178.897
179.462
179.7
180.233
180.459
180.962
181.179
181.655
181.862
182.309
182.512
182.935
183.128
183.521
183.701
184.067
184.243
184.584
184.734
185.106
185.221
185.748
186.008
186.787
187.232
188.275
188.897
190.23
191.076
192.697
193.973
195.949
197.733
200.175
202.581
205.705
208.911
212.843
216.9
221.662
226.629
232.311
238.291
244.936
251.888
259.449
267.417
275.943
284.915
294.376
304.265
314.547
325.165
336.04
347.162
358.386
369.774
381.141
392.488
403.683
414.74
425.582
436.266
446.595
456.68
466.333
475.697
484.653
493.313
501.602
509.526
517.091
524.186
531.015
537.258
543.407
548.849
554.313
558.919
563.536
567.14
570.786
573.349
575.825
577.023
576.917
576.96
575.975
574.303
571.686
568.461
564.304
559.719
554.349
549.06
543.508
538.31
532.71
527.588
522.247
517.325
511.112
505.49
499.186
493.552
487.017
481.271
474.355
468.412
460.959
454.754
446.608
440.111
431.12
424.383
413.318
399.095
382.398
367.079
353.057
344.307
335.595
326.777
317.856
308.945
300.073
291.343
282.792
274.504
266.526
258.898
251.681
244.849
238.487
232.491
226.982
221.775
217.033
212.496
208.347
204.353
200.619
197.023
193.509
190.225
186.893
184.227
181.624
181.179
182.163
185.301
193.996
204.27
236.867
221.58
212.952
204.717
198.002
191.578
186.57
181.754
178.152
174.665
172.152
169.732
168.09
166.589
165.816
165.383
165.398
165.518
165.834
166.283
166.667
167.208
167.48
168.044
168.318
168.985
169.377
170.032
170.47
171.109
171.563
172.143
172.557
173.052
173.426
173.832
174.187
174.513
174.868
175.13
175.498
175.702
176.075
176.241
176.599
176.75
177.079
177.221
177.522
177.659
177.937
178.064
178.315
178.43
178.658
178.766
178.973
179.061
179.285
179.344
179.666
179.817
180.288
180.54
181.119
181.466
182.117
182.562
183.264
183.806
184.583
185.234
186.086
186.868
187.857
188.828
189.992
191.178
192.543
193.976
195.588
197.308
199.194
201.186
203.33
205.597
208.005
210.524
213.169
215.898
218.734
221.609
224.566
227.524
230.536
233.519
236.539
239.479
242.427
245.262
248.096
250.806
253.489
256.02
258.516
260.843
263.152
265.286
267.418
269.359
271.297
273.028
274.761
276.283
277.824
279.155
280.497
281.628
282.727
283.61
284.433
285.029
285.602
285.666
285.732
285.68
285.288
284.8
283.976
283.117
281.932
280.766
279.297
277.975
276.461
275.167
273.636
272.364
270.886
269.665
267.966
266.571
264.839
263.44
261.637
260.209
258.294
256.816
254.749
253.206
250.945
249.328
246.833
245.15
242.031
237.974
233.051
228.626
224.532
222.188
219.795
217.397
214.888
212.4
209.813
207.271
204.64
202.076
199.434
196.873
194.247
191.7
189.11
186.583
184.051
181.541
179.088
176.575
174.209
171.646
169.353
166.666
164.419
161.52
159.298
156.089
153.892
150.276
148.136
144.036
142.128
137.664
137.764
221.872
212.69
205.147
197.86
192.15
186.571
182.411
178.282
175.345
172.379
170.38
168.353
167.123
165.938
165.503
165.223
165.244
165.363
165.55
165.814
166.102
166.369
166.674
166.914
167.308
167.583
168.01
168.29
168.746
169.032
169.472
169.726
170.121
170.343
170.684
170.885
171.174
171.369
171.612
171.817
172.011
172.225
172.376
172.592
172.713
172.92
173.022
173.212
173.305
173.476
173.559
173.709
173.78
173.913
173.975
174.091
174.137
174.264
174.283
174.471
174.588
174.856
175.072
175.396
175.673
176.033
176.352
176.731
177.08
177.477
177.849
178.253
178.644
179.068
179.487
179.934
180.378
180.849
181.323
181.831
182.345
182.897
183.445
184.034
184.621
185.253
185.876
186.542
187.193
187.882
188.547
189.242
189.908
190.593
191.249
191.915
192.548
193.177
193.775
194.359
194.921
195.454
195.969
196.444
196.906
197.328
197.741
198.114
198.479
198.801
199.114
199.383
199.646
199.868
200.084
200.258
200.425
200.544
200.654
200.696
200.738
200.645
200.646
200.485
200.394
200.16
199.998
199.682
199.446
199.053
198.752
198.296
197.961
197.493
197.163
196.689
196.364
195.899
195.584
195.072
194.719
194.195
193.839
193.294
192.928
192.349
191.968
191.346
190.945
190.267
189.842
189.097
188.647
187.726
186.587
185.106
183.801
182.5
181.783
180.978
180.214
179.327
178.491
177.51
176.591
175.502
174.49
173.277
172.162
170.814
169.593
168.103
166.784
165.151
163.747
161.972
160.495
158.569
157.021
154.917
153.289
150.967
149.247
146.652
144.832
141.901
139.98
136.637
134.636
130.783
128.755
123.367
221.639
213.038
205.009
198.383
192.171
187.235
182.578
179.016
175.619
173.12
170.713
169.036
167.429
166.436
165.535
165.226
164.971
164.974
165.025
165.102
165.188
165.322
165.41
165.556
165.699
165.892
166.065
166.277
166.483
166.707
166.916
167.119
167.311
167.489
167.654
167.811
167.952
168.092
168.216
168.351
168.455
168.582
168.668
168.786
168.858
168.964
169.027
169.119
169.174
169.254
169.299
169.366
169.401
169.456
169.483
169.525
169.539
169.58
169.589
169.669
169.764
169.909
170.073
170.265
170.466
170.684
170.905
171.134
171.366
171.604
171.839
172.075
172.312
172.554
172.794
173.036
173.272
173.51
173.741
173.976
174.203
174.433
174.649
174.868
175.076
175.285
175.483
175.681
175.868
176.052
176.224
176.391
176.546
176.695
176.832
176.962
177.08
177.19
177.288
177.377
177.457
177.526
177.586
177.635
177.676
177.707
177.735
177.751
177.764
177.758
177.761
177.731
177.725
177.68
177.665
177.602
177.579
177.496
177.462
177.358
177.314
177.186
177.127
176.971
176.892
176.714
176.613
176.411
176.288
176.062
175.92
175.674
175.521
175.27
175.119
174.865
174.714
174.462
174.313
174.044
173.883
173.607
173.443
173.157
172.988
172.685
172.508
172.184
171.996
171.644
171.442
171.055
170.838
170.368
169.833
169.086
168.443
167.745
167.361
166.884
166.458
165.914
165.429
164.805
164.249
163.528
162.888
162.052
161.318
160.351
159.514
158.403
157.459
156.197
155.148
153.721
152.568
150.96
149.7
147.887
146.516
144.464
142.975
140.64
139.029
136.357
134.628
131.551
129.723
126.151
124.264
119.223
221.785
212.966
205.319
198.496
192.681
187.532
183.234
179.449
176.352
173.634
171.457
169.563
168.103
166.865
165.991
165.296
164.956
164.759
164.646
164.587
164.545
164.513
164.489
164.492
164.513
164.564
164.609
164.682
164.751
164.841
164.917
164.999
165.067
165.136
165.191
165.247
165.29
165.333
165.371
165.408
165.438
165.467
165.488
165.509
165.523
165.537
165.544
165.55
165.551
165.549
165.545
165.535
165.524
165.506
165.488
165.462
165.434
165.394
165.355
165.356
165.385
165.445
165.528
165.628
165.74
165.862
165.988
166.118
166.251
166.386
166.519
166.652
166.786
166.921
167.054
167.188
167.317
167.444
167.566
167.688
167.804
167.918
168.021
168.122
168.215
168.303
168.384
168.459
168.526
168.587
168.638
168.684
168.72
168.751
168.772
168.789
168.801
168.801
168.802
168.782
168.775
168.739
168.724
168.674
168.651
168.589
168.559
168.486
168.452
168.369
168.329
168.236
168.192
168.091
168.043
167.934
167.882
167.765
167.708
167.582
167.521
167.387
167.317
167.173
167.094
166.938
166.848
166.679
166.578
166.397
166.285
166.093
165.975
165.779
165.661
165.462
165.344
165.144
165.026
164.815
164.689
164.473
164.344
164.119
163.986
163.748
163.608
163.354
163.205
162.929
162.769
162.468
162.296
161.938
161.56
161.022
160.57
160.053
159.76
159.376
159.051
158.616
158.248
157.749
157.328
156.751
156.265
155.593
155.027
154.24
153.582
152.661
151.9
150.827
149.956
148.713
147.726
146.295
145.19
143.547
142.32
140.434
139.079
136.911
135.426
132.925
131.314
128.412
126.69
123.298
121.499
116.674
221.762
213.106
205.47
198.865
193.068
188.116
183.81
180.176
177.043
174.427
172.191
170.349
168.799
167.554
166.538
165.761
165.163
164.762
164.513
164.325
164.163
164.024
163.896
163.795
163.687
163.615
163.528
163.475
163.409
163.372
163.317
163.281
163.227
163.189
163.132
163.092
163.03
162.989
162.928
162.888
162.825
162.782
162.717
162.672
162.606
162.558
162.491
162.44
162.372
162.318
162.239
162.171
162.079
161.999
161.897
161.807
161.693
161.595
161.485
161.425
161.392
161.391
161.408
161.441
161.484
161.534
161.588
161.644
161.702
161.762
161.82
161.878
161.935
161.994
162.052
162.109
162.162
162.214
162.263
162.311
162.355
162.396
162.431
162.462
162.489
162.511
162.529
162.543
162.552
162.56
162.561
162.547
162.542
162.516
162.504
162.465
162.446
162.395
162.37
162.308
162.277
162.205
162.169
162.087
162.047
161.956
161.912
161.815
161.767
161.664
161.613
161.503
161.449
161.335
161.277
161.159
161.098
160.975
160.91
160.782
160.713
160.581
160.507
160.368
160.289
160.142
160.056
159.901
159.809
159.646
159.547
159.377
159.274
159.101
158.998
158.821
158.717
158.538
158.433
158.247
158.138
157.946
157.834
157.636
157.52
157.31
157.19
156.967
156.839
156.6
156.464
156.205
156.06
155.758
155.455
155.011
154.646
154.213
153.971
153.642
153.376
153.004
152.704
152.277
151.932
151.436
151.033
150.45
149.975
149.285
148.724
147.908
147.25
146.289
145.525
144.402
143.526
142.222
141.228
139.72
138.605
136.861
135.619
133.602
132.229
129.888
128.386
125.653
124.031
120.814
119.099
114.474
221.821
213.169
205.744
199.2
193.624
188.713
184.584
180.953
177.942
175.295
173.128
171.225
169.694
168.357
167.308
166.4
165.72
165.128
164.686
164.325
164.048
163.827
163.606
163.387
163.171
162.973
162.765
162.588
162.398
162.244
162.068
161.923
161.757
161.622
161.465
161.338
161.189
161.07
160.931
160.818
160.682
160.562
160.415
160.284
160.13
159.992
159.833
159.69
159.528
159.382
159.218
159.068
158.9
158.747
158.576
158.418
158.241
158.08
157.913
157.798
157.719
157.671
157.644
157.631
157.628
157.633
157.638
157.648
157.656
157.668
157.677
157.688
157.697
157.708
157.718
157.727
157.734
157.739
157.743
157.748
157.749
157.743
157.739
157.725
157.718
157.696
157.684
157.653
157.637
157.597
157.576
157.526
157.501
157.442
157.412
157.343
157.309
157.232
157.194
157.11
157.068
156.976
156.931
156.833
156.784
156.681
156.63
156.522
156.468
156.356
156.299
156.183
156.124
156.004
155.943
155.82
155.756
155.63
155.563
155.434
155.364
155.23
155.158
155.019
154.942
154.798
154.717
154.566
154.48
154.323
154.233
154.07
153.976
153.81
153.715
153.545
153.45
153.276
153.18
153
152.899
152.714
152.611
152.417
152.31
152.106
151.994
151.777
151.659
151.425
151.299
151.047
150.912
150.621
150.343
149.925
149.586
149.173
148.947
148.629
148.377
148.02
147.736
147.327
147.001
146.528
146.148
145.595
145.15
144.501
143.981
143.219
142.614
141.723
141.025
139.988
139.19
137.987
137.083
135.692
134.675
133.064
131.928
130.059
128.796
126.619
125.227
122.672
121.156
118.126
116.503
112.097
221.911
213.224
206.083
199.585
194.295
189.416
185.513
181.877
179.017
176.327
174.245
172.27
170.769
169.337
168.275
167.256
166.531
165.806
165.277
164.71
164.285
163.792
163.421
162.983
162.655
162.257
161.964
161.596
161.326
160.981
160.729
160.4
160.159
159.845
159.614
159.312
159.087
158.793
158.578
158.295
158.085
157.81
157.603
157.334
157.131
156.868
156.669
156.411
156.216
155.962
155.77
155.519
155.328
155.079
154.889
154.639
154.447
154.196
154.015
153.824
153.724
153.611
153.556
153.48
153.445
153.386
153.36
153.305
153.282
153.23
153.209
153.157
153.136
153.085
153.066
153.015
152.995
152.942
152.921
152.866
152.845
152.787
152.761
152.698
152.671
152.603
152.573
152.501
152.469
152.391
152.356
152.273
152.235
152.147
152.106
152.013
151.968
151.872
151.823
151.723
151.672
151.568
151.514
151.407
151.35
151.24
151.181
151.068
151.007
150.892
150.828
150.711
150.645
150.525
150.458
150.335
150.266
150.141
150.07
149.941
149.868
149.736
149.661
149.525
149.446
149.305
149.223
149.077
148.991
148.839
148.749
148.593
148.5
148.34
148.246
148.081
147.985
147.817
147.72
147.545
147.445
147.264
147.161
146.973
146.866
146.669
146.557
146.349
146.232
146.011
145.889
145.653
145.526
145.264
145.028
144.673
144.392
144.032
143.85
143.582
143.382
143.078
142.848
142.495
142.226
141.811
141.49
140.999
140.616
140.035
139.581
138.894
138.361
137.555
136.935
135.993
135.281
134.185
133.373
132.1
131.181
129.702
128.667
126.942
125.783
123.76
122.471
120.079
118.657
115.792
114.248
110.023
221.973
213.34
206.441
200.093
195.054
190.303
186.588
183.021
180.275
177.593
175.559
173.542
172.038
170.532
169.44
168.339
167.585
166.812
166.308
165.773
165.395
164.904
164.534
164.042
163.669
163.18
162.817
162.338
161.983
161.516
161.171
160.718
160.385
159.949
159.632
159.216
158.913
158.515
158.226
157.845
157.567
157.198
156.928
156.57
156.307
155.959
155.702
155.362
155.11
154.776
154.53
154.201
153.957
153.631
153.389
153.064
152.822
152.495
152.266
152.01
151.864
151.697
151.595
151.468
151.385
151.274
151.198
151.091
151.018
150.915
150.844
150.742
150.673
150.573
150.505
150.407
150.34
150.243
150.176
150.08
150.013
149.917
149.849
149.752
149.683
149.586
149.517
149.419
149.348
149.25
149.178
149.079
149.006
148.905
148.831
148.729
148.653
148.55
148.473
148.369
148.291
148.185
148.106
147.999
147.918
147.811
147.729
147.62
147.537
147.426
147.342
147.23
147.145
147.031
146.945
146.83
146.743
146.625
146.537
146.417
146.327
146.205
146.113
145.989
145.895
145.768
145.671
145.54
145.442
145.307
145.206
145.068
144.964
144.823
144.718
144.573
144.466
144.318
144.209
144.056
143.946
143.788
143.676
143.513
143.399
143.231
143.114
142.94
142.823
142.645
142.529
142.349
142.241
142.055
141.863
141.589
141.371
141.121
140.968
140.703
140.503
140.192
139.956
139.593
139.315
138.89
138.564
138.071
137.691
137.118
136.679
136.016
135.512
134.746
134.169
133.285
132.63
131.609
130.865
129.683
128.841
127.466
126.515
124.907
123.835
121.94
120.735
118.477
117.133
114.403
112.919
108.831
221.926
213.605
206.753
200.82
195.855
191.475
187.786
184.491
181.708
179.198
177.07
175.14
173.508
172.04
170.841
169.847
169.232
168.779
168.177
167.513
166.944
166.482
165.995
165.506
165.023
164.525
164.042
163.545
163.069
162.576
162.11
161.642
161.191
160.747
160.321
159.9
159.5
159.108
158.724
158.346
157.969
157.598
157.228
156.866
156.503
156.149
155.791
155.444
155.092
154.751
154.403
154.066
153.721
153.386
153.043
152.709
152.366
152.032
151.71
151.451
151.239
151.067
150.912
150.777
150.647
150.527
150.405
150.289
150.169
150.056
149.938
149.827
149.712
149.603
149.489
149.382
149.27
149.164
149.053
148.949
148.839
148.736
148.627
148.525
148.417
148.316
148.209
148.109
148.002
147.902
147.796
147.697
147.59
147.491
147.385
147.286
147.18
147.081
146.974
146.876
146.769
146.67
146.563
146.464
146.356
146.256
146.147
146.048
145.938
145.837
145.726
145.625
145.513
145.411
145.297
145.194
145.079
144.974
144.857
144.751
144.632
144.524
144.403
144.292
144.17
144.057
143.932
143.817
143.689
143.571
143.441
143.321
143.187
143.063
142.925
142.798
142.657
142.526
142.379
142.244
142.093
141.954
141.798
141.653
141.491
141.34
141.172
141.016
140.841
140.681
140.501
140.338
140.16
140.005
139.837
139.881
139.988
140.154
140.175
140.157
140.109
139.995
139.89
139.652
139.459
139.093
138.814
138.352
138.001
137.45
137.033
136.39
135.907
135.165
134.613
133.759
133.132
132.149
131.439
130.303
129.498
128.176
127.264
125.712
124.678
122.838
121.665
119.453
118.127
115.419
113.933
109.807
222.217
213.563
207.442
201.364
197.103
192.592
189.484
186.013
183.666
180.919
179.097
176.874
175.439
173.638
172.56
171.236
170.502
171.021
172.053
173.886
173.751
173.199
172.3
171.528
170.716
170.044
169.31
168.71
168.058
167.534
166.901
166.334
165.728
165.197
164.629
164.129
163.589
163.117
162.649
162.257
161.809
161.414
160.966
160.573
160.129
159.738
159.296
158.906
158.465
158.075
157.634
157.244
156.803
156.413
155.971
155.581
155.137
154.746
154.328
154.022
153.756
153.559
153.363
153.204
153.037
152.895
152.738
152.599
152.446
152.31
152.16
152.028
151.881
151.751
151.607
151.48
151.338
151.214
151.075
150.952
150.816
150.695
150.563
150.454
150.326
150.218
150.09
149.983
149.857
149.751
149.626
149.52
149.396
149.291
149.167
149.062
148.938
148.834
148.71
148.606
148.482
148.378
148.254
148.149
148.024
147.919
147.793
147.687
147.56
147.453
147.325
147.217
147.087
146.977
146.845
146.734
146.6
146.486
146.35
146.234
146.095
145.977
145.835
145.714
145.568
145.444
145.295
145.168
145.014
144.883
144.725
144.59
144.427
144.286
144.118
143.973
143.798
143.647
143.466
143.31
143.122
142.959
142.763
142.593
142.389
142.212
141.999
141.814
141.592
141.399
141.168
140.969
140.728
141.026
141.854
143.272
144.942
146
145.869
145.917
145.879
145.716
145.515
145.171
144.909
144.452
144.098
143.55
143.132
142.504
142.029
141.319
140.787
139.987
139.394
138.491
137.831
136.804
136.066
134.89
134.061
132.7
131.763
130.168
129.105
127.211
126
123.708
122.327
119.488
117.919
113.521
)
;

boundaryField
{
    back
    {
        type            empty;
    }
    down
    {
        type            omegaWallFunction;
        blending        binomial;
        n               2;
        value           nonuniform List<scalar> 
192
(
2.7246e+07
2.72461e+07
2.72461e+07
2.72461e+07
2.72461e+07
2.72461e+07
2.72461e+07
2.72461e+07
2.72461e+07
2.72461e+07
2.7246e+07
2.7246e+07
2.72459e+07
2.72459e+07
2.72458e+07
2.72474e+07
2.73324e+07
2.75815e+07
2.4768e+07
2.42951e+07
2.56319e+07
2.72674e+07
2.83458e+07
2.88033e+07
2.9372e+07
3.00958e+07
3.08156e+07
3.15473e+07
3.22732e+07
3.29583e+07
3.35813e+07
3.41478e+07
3.46674e+07
3.51586e+07
3.56273e+07
3.60714e+07
3.64892e+07
3.68876e+07
3.72744e+07
3.76401e+07
3.79882e+07
3.82927e+07
3.85727e+07
3.88227e+07
3.90411e+07
3.92406e+07
3.93959e+07
3.95509e+07
3.96693e+07
3.97397e+07
3.97716e+07
3.97654e+07
3.97505e+07
3.9725e+07
3.96285e+07
3.94523e+07
3.93985e+07
3.95707e+07
4.00335e+07
4.09557e+07
4.26121e+07
4.48451e+07
4.66899e+07
4.81199e+07
4.9147e+07
4.97031e+07
4.97424e+07
4.93971e+07
4.88718e+07
4.79459e+07
4.67614e+07
4.57984e+07
4.50493e+07
4.42293e+07
4.32539e+07
4.21349e+07
4.09807e+07
3.99308e+07
3.89671e+07
3.80769e+07
3.71708e+07
3.62868e+07
3.54331e+07
3.46278e+07
3.38724e+07
3.31655e+07
3.25134e+07
3.19051e+07
3.13534e+07
3.08397e+07
3.03824e+07
2.99733e+07
2.96113e+07
2.92952e+07
2.90189e+07
2.87729e+07
2.85576e+07
2.83709e+07
2.821e+07
2.80714e+07
2.79501e+07
2.78452e+07
2.77547e+07
2.76762e+07
2.76071e+07
2.75449e+07
2.74887e+07
2.74378e+07
2.7393e+07
2.73526e+07
2.73162e+07
2.72823e+07
2.72493e+07
2.72179e+07
2.71886e+07
2.71631e+07
2.71448e+07
2.71329e+07
2.71259e+07
2.71227e+07
2.71318e+07
2.71567e+07
2.72015e+07
2.72611e+07
2.73444e+07
2.7446e+07
2.75722e+07
2.77093e+07
2.78592e+07
2.801e+07
2.81541e+07
2.82485e+07
2.8266e+07
2.82505e+07
2.82472e+07
2.82346e+07
2.81785e+07
2.81426e+07
2.82798e+07
2.84269e+07
2.84268e+07
2.84268e+07
2.84268e+07
2.84268e+07
2.84268e+07
2.84269e+07
2.84269e+07
2.84269e+07
2.84269e+07
2.84269e+07
2.8427e+07
2.8427e+07
2.84166e+07
2.83298e+07
2.81198e+07
2.78302e+07
2.75367e+07
2.7326e+07
2.72492e+07
2.72458e+07
2.72458e+07
2.72458e+07
2.72458e+07
2.72459e+07
2.72459e+07
2.72459e+07
2.72459e+07
2.72459e+07
2.72459e+07
2.72459e+07
2.72459e+07
2.7246e+07
2.7246e+07
2.7246e+07
2.7246e+07
2.7246e+07
2.7246e+07
2.7246e+07
2.7246e+07
2.7246e+07
2.7246e+07
2.7246e+07
2.7246e+07
2.7246e+07
2.7246e+07
2.7246e+07
2.7246e+07
2.7246e+07
2.7246e+07
2.7246e+07
2.7246e+07
2.7246e+07
)
;
    }
    front
    {
        type            empty;
    }
    inlet
    {
        type            timeVaryingMappedFixedValue;
        fieldTable      omega;
        value           nonuniform List<scalar> 
54
(
226.606
226.61
226.615
226.619
226.623
226.625
226.626
226.626
226.626
226.623
226.604
226.603
226.6
226.552
226.73
313.409
580.725
738.017
867.421
997.981
1143.58
1313.16
1514.79
1755.42
2043.68
2390.77
2845.31
3317.67
3906.37
4667.6
5632.86
6611.4
7902.81
9379.77
11939.2
14513.6
16761
20674.1
27874
35454.9
39692.7
73675.3
126644
171638
210068
253455
290727
322962
351094
5.907e+06
3.18153e+07
5.55073e+07
7.89256e+07
1.01374e+08
)
;
    }
    outlet
    {
        type            zeroGradient;
    }
    up
    {
        type            zeroGradient;
    }
}


// ************************************************************************* //
