220
( 
//zmin
1e-8
0.00476248
0.00168647
0.00724743
0.025971
0.0680598
0.146467
0.275729
0.469151
0.733907
1.06598
1.44885
1.85806
2.26879
2.66163
3.02457
3.35206
3.64307
3.89923
4.12351
4.31936
4.49024
4.63937
4.76964
4.88358
4.98337
5.07089
5.14772
5.21523
5.27455
5.32667
5.37241
5.41248
5.44746
5.47785
5.50408
5.5265
5.54539
5.561
5.5735
5.58305
5.58976
5.59368
5.59485
5.59328
5.58892
5.58171
5.57154
5.55828
5.54175
5.52174
5.49799
5.4702
5.43802
5.40104
5.35879
5.31072
5.25622
5.1945
5.12469
5.04584
4.95694
4.85676
4.74383
4.61648
4.47277
4.31049
4.12704
3.91946
3.68434
3.41782
3.11556
2.77288
2.38504
1.94779
1.4588
0.920222
0.303308
0.0221448
0.000967552
0.000549506
0.000545845
0.000546032
0.00054677
0.000546646
0.000545981
0.000546211
0.000546344
0.000546353
0.000546365
0.000546398
0.00054642
0.000546426
0.000546419
0.000546404
0.000546409
0.000546414
0.000546419
0.000546426
0.00054643
0.000546429
0.000546422
0.000546413
0.000546406
0.000546396
0.000546387
0.00054638
0.000546374
0.000546371
0.000546371

//zmax
1e-8
0.00476248
0.00168647
0.00724743
0.025971
0.0680598
0.146467
0.275729
0.469151
0.733907
1.06598
1.44885
1.85806
2.26879
2.66163
3.02457
3.35206
3.64307
3.89923
4.12351
4.31936
4.49024
4.63937
4.76964
4.88358
4.98337
5.07089
5.14772
5.21523
5.27455
5.32667
5.37241
5.41248
5.44746
5.47785
5.50408
5.5265
5.54539
5.561
5.5735
5.58305
5.58976
5.59368
5.59485
5.59328
5.58892
5.58171
5.57154
5.55828
5.54175
5.52174
5.49799
5.4702
5.43802
5.40104
5.35879
5.31072
5.25622
5.1945
5.12469
5.04584
4.95694
4.85676
4.74383
4.61648
4.47277
4.31049
4.12704
3.91946
3.68434
3.41782
3.11556
2.77288
2.38504
1.94779
1.4588
0.920222
0.303308
0.0221448
0.000967552
0.000549506
0.000545845
0.000546032
0.00054677
0.000546646
0.000545981
0.000546211
0.000546344
0.000546353
0.000546365
0.000546398
0.00054642
0.000546426
0.000546419
0.000546404
0.000546409
0.000546414
0.000546419
0.000546426
0.00054643
0.000546429
0.000546422
0.000546413
0.000546406
0.000546396
0.000546387
0.00054638
0.000546374
0.000546371
0.000546371
) 

// ************************************************************************* //
