220
( 
//zmin
109772000.0
109772000.0
19185000.0
6534450.0
3092690.0
1761770.0
1130160.0
788843.0
586881.0
458417.0
371178.0
308201.0
260271.0
222292.0
191357.0
165709.0
144197.0
126009.0
110535.0
97299.2
85925.0
76107.3
67597.7
60193.3
53726.7
48059.7
43077.3
38683.6
34797.9
31352.4
28289.9
25561.6
23126.0
20947.3
18995.0
17242.5
15667.0
14248.5
12969.7
11815.3
10772.1
9828.41
8973.8
8199.21
7496.55
6858.65
6279.14
5752.34
5273.17
4837.09
4440.05
4078.38
3748.83
3448.43
3174.54
2924.74
2696.87
2488.99
2299.3
2126.19
1968.2
1823.96
1692.26
1571.95
1461.97
1361.35
1269.12
1184.37
1106.16
1033.52
965.364
900.416
837.075
773.182
705.772
629.777
535.785
384.454
248.096
226.999
226.483
226.524
226.578
226.598
226.601
226.602
226.603
226.603
226.605
226.621
226.625
226.626
226.626
226.626
226.626
226.626
226.626
226.626
226.625
226.624
226.622
226.62
226.618
226.616
226.614
226.611
226.609
226.607
226.606
226.606

//zmax
109772000.0
109772000.0
19185000.0
6534450.0
3092690.0
1761770.0
1130160.0
788843.0
586881.0
458417.0
371178.0
308201.0
260271.0
222292.0
191357.0
165709.0
144197.0
126009.0
110535.0
97299.2
85925.0
76107.3
67597.7
60193.3
53726.7
48059.7
43077.3
38683.6
34797.9
31352.4
28289.9
25561.6
23126.0
20947.3
18995.0
17242.5
15667.0
14248.5
12969.7
11815.3
10772.1
9828.41
8973.8
8199.21
7496.55
6858.65
6279.14
5752.34
5273.17
4837.09
4440.05
4078.38
3748.83
3448.43
3174.54
2924.74
2696.87
2488.99
2299.3
2126.19
1968.2
1823.96
1692.26
1571.95
1461.97
1361.35
1269.12
1184.37
1106.16
1033.52
965.364
900.416
837.075
773.182
705.772
629.777
535.785
384.454
248.096
226.999
226.483
226.524
226.578
226.598
226.601
226.602
226.603
226.603
226.605
226.621
226.625
226.626
226.626
226.626
226.626
226.626
226.626
226.626
226.625
226.624
226.622
226.62
226.618
226.616
226.614
226.611
226.609
226.607
226.606
226.606
) 

// ************************************************************************* //
