220
(
    // zmin
(0 0 0 )
(0.37644849 0 0 ) 
(1.1320452 0 0 ) 
(1.8957708 0 0 ) 
(2.6729703 0 0 ) 
(3.4684947 0 0 ) 
(4.2858585 0 0 ) 
(5.1257448000000005 0 0 ) 
(5.984114399999999 0 0 ) 
(6.8510574 0 0 ) 
(7.7117138999999995 0 0 ) 
(8.5498083 0 0 ) 
(9.3518667 0 0 ) 
(10.109781 0 0 ) 
(10.820601 0 0 ) 
(11.485683 0 0 ) 
(12.108096 0 0 ) 
(12.692295 0 0 ) 
(13.242438 0 0 ) 
(13.762782 0 0 ) 
(14.25699 0 0 ) 
(14.728428 0 0 ) 
(15.179967 0 0 ) 
(15.613883999999999 0 0 ) 
(16.032356999999998 0 0 ) 
(16.437267000000002 0 0 ) 
(16.83 0 0 ) 
(17.212139999999998 0 0 ) 
(17.584677 0 0 ) 
(17.948601 0 0 ) 
(18.305000999999997 0 0 ) 
(18.654471 0 0 ) 
(18.997802999999998 0 0 ) 
(19.335590999999997 0 0 ) 
(19.668429 0 0 ) 
(19.996812 0 0 ) 
(20.321037 0 0 ) 
(20.641698 0 0 ) 
(20.959092 0 0 ) 
(21.273515999999997 0 0 ) 
(21.585266999999998 0 0 ) 
(21.89484 0 0 ) 
(22.202235 0 0 ) 
(22.507946999999998 0 0 ) 
(22.811976 0 0 ) 
(23.114817 0 0 ) 
(23.416569 0 0 ) 
(23.71743 0 0 ) 
(24.017697000000002 0 0 ) 
(24.317469 0 0 ) 
(24.617142 0 0 ) 
(24.916914000000002 0 0 ) 
(25.216883999999997 0 0 ) 
(25.517448 0 0 ) 
(25.818804 0 0 ) 
(26.121249000000002 0 0 ) 
(26.42508 0 0 ) 
(26.730594 0 0 ) 
(27.038187 0 0 ) 
(27.348255 0 0 ) 
(27.661194 0 0 ) 
(27.977400000000003 0 0 ) 
(28.297368000000002 0 0 ) 
(28.621791 0 0 ) 
(28.951164000000002 0 0 ) 
(29.286279 0 0 ) 
(29.627631 0 0 ) 
(29.976309 0 0 ) 
(30.333005999999997 0 0 ) 
(30.698712 0 0 ) 
(31.074516 0 0 ) 
(31.461309 0 0 ) 
(31.860279 0 0 ) 
(32.272317 0 0 ) 
(32.698511999999994 0 0 ) 
(33.14025 0 0 ) 
(33.601095 0 0 ) 
(34.113321 0 0 ) 
(34.537932 0 0 ) 
(34.600500000000004 0 0 ) 
(34.602281999999995 0 0 ) 
(34.601787 0 0 ) 
(34.602084 0 0 ) 
(34.601688 0 0 ) 
(34.60248 0 0 ) 
(34.602678 0 0 ) 
(34.602579 0 0 ) 
(34.602381 0 0 ) 
(34.601688 0 0 ) 
(34.601391 0 0 ) 
(34.600797 0 0 ) 
(34.600302000000006 0 0 ) 
(34.600005 0 0 ) 
(34.599708 0 0 ) 
(34.599312 0 0 ) 
(34.599015 0 0 ) 
(34.598619 0 0 ) 
(34.598124 0 0 ) 
(34.597629 0 0 ) 
(34.597134 0 0 ) 
(34.59654 0 0 ) 
(34.595946 0 0 ) 
(34.595253 0 0 ) 
(34.59456 0 0 ) 
(34.593867 0 0 ) 
(34.593174 0 0 ) 
(34.59258 0 0 ) 
(34.592085 0 0 ) 
(34.591788 0 0 ) 
(34.591788 0 0 ) 

    // zmax
(0 0 0 )
(0.37644849 0 0 ) 
(1.1320452 0 0 ) 
(1.8957708 0 0 ) 
(2.6729703 0 0 ) 
(3.4684947 0 0 ) 
(4.2858585 0 0 ) 
(5.1257448000000005 0 0 ) 
(5.984114399999999 0 0 ) 
(6.8510574 0 0 ) 
(7.7117138999999995 0 0 ) 
(8.5498083 0 0 ) 
(9.3518667 0 0 ) 
(10.109781 0 0 ) 
(10.820601 0 0 ) 
(11.485683 0 0 ) 
(12.108096 0 0 ) 
(12.692295 0 0 ) 
(13.242438 0 0 ) 
(13.762782 0 0 ) 
(14.25699 0 0 ) 
(14.728428 0 0 ) 
(15.179967 0 0 ) 
(15.613883999999999 0 0 ) 
(16.032356999999998 0 0 ) 
(16.437267000000002 0 0 ) 
(16.83 0 0 ) 
(17.212139999999998 0 0 ) 
(17.584677 0 0 ) 
(17.948601 0 0 ) 
(18.305000999999997 0 0 ) 
(18.654471 0 0 ) 
(18.997802999999998 0 0 ) 
(19.335590999999997 0 0 ) 
(19.668429 0 0 ) 
(19.996812 0 0 ) 
(20.321037 0 0 ) 
(20.641698 0 0 ) 
(20.959092 0 0 ) 
(21.273515999999997 0 0 ) 
(21.585266999999998 0 0 ) 
(21.89484 0 0 ) 
(22.202235 0 0 ) 
(22.507946999999998 0 0 ) 
(22.811976 0 0 ) 
(23.114817 0 0 ) 
(23.416569 0 0 ) 
(23.71743 0 0 ) 
(24.017697000000002 0 0 ) 
(24.317469 0 0 ) 
(24.617142 0 0 ) 
(24.916914000000002 0 0 ) 
(25.216883999999997 0 0 ) 
(25.517448 0 0 ) 
(25.818804 0 0 ) 
(26.121249000000002 0 0 ) 
(26.42508 0 0 ) 
(26.730594 0 0 ) 
(27.038187 0 0 ) 
(27.348255 0 0 ) 
(27.661194 0 0 ) 
(27.977400000000003 0 0 ) 
(28.297368000000002 0 0 ) 
(28.621791 0 0 ) 
(28.951164000000002 0 0 ) 
(29.286279 0 0 ) 
(29.627631 0 0 ) 
(29.976309 0 0 ) 
(30.333005999999997 0 0 ) 
(30.698712 0 0 ) 
(31.074516 0 0 ) 
(31.461309 0 0 ) 
(31.860279 0 0 ) 
(32.272317 0 0 ) 
(32.698511999999994 0 0 ) 
(33.14025 0 0 ) 
(33.601095 0 0 ) 
(34.113321 0 0 ) 
(34.537932 0 0 ) 
(34.600500000000004 0 0 ) 
(34.602281999999995 0 0 ) 
(34.601787 0 0 ) 
(34.602084 0 0 ) 
(34.601688 0 0 ) 
(34.60248 0 0 ) 
(34.602678 0 0 ) 
(34.602579 0 0 ) 
(34.602381 0 0 ) 
(34.601688 0 0 ) 
(34.601391 0 0 ) 
(34.600797 0 0 ) 
(34.600302000000006 0 0 ) 
(34.600005 0 0 ) 
(34.599708 0 0 ) 
(34.599312 0 0 ) 
(34.599015 0 0 ) 
(34.598619 0 0 ) 
(34.598124 0 0 ) 
(34.597629 0 0 ) 
(34.597134 0 0 ) 
(34.59654 0 0 ) 
(34.595946 0 0 ) 
(34.595253 0 0 ) 
(34.59456 0 0 ) 
(34.593867 0 0 ) 
(34.593174 0 0 ) 
(34.59258 0 0 ) 
(34.592085 0 0 ) 
(34.591788 0 0 ) 
(34.591788 0 0 ) 
) 

// ************************************************************************* //